Температура, C.
Давление, бар. Плотность, кг/м3. Кин. вязкость, м2/с. Теплоемкость, Дж/кг*К. Объемное газосодержание, м3/м3. Плотность газа, кг/м3. Плотность жидкой фазы, кг/м3.


PVT				
10 /
1	1.10461303027853	0.00025125765186779		1714.38			0.999769154111858	0.92586949723107	775.223971517062
10	11.4536249686054	0.000024504107108911	1714.3801764	0.996286039448509	8.65606744225197	761.910575013681
20	23.3513583503369	0.000012169177560565	1714.3803724	0.991059598098914	16.8476817657375	744.295581374074
30	35.4561688261836	0.0000081147119016675	1714.3805684	0.984640320416012	24.6871622039213	725.808989868144
40	47.6299360231103	6.11612636464499E-06	1714.3807644	0.977133529561407	32.1908295458309	707.376207137897
60	71.8831665858131	4.15443835332612E-06	1714.3811564	0.958972733855378	46.2335569687846	671.418026404625
80	95.8510264620212	3.19393315463601E-06	1714.3815484	0.936275670547172	59.0611447260986	636.389804781384
90	107.75948157998		2.87646194650101E-06	1714.3817444	0.92290009357177	65.0515843203942	618.980885121056
100	119.673806048539	2.62244602730967E-06	1714.3819404	0.907872747299665	70.7808844507373	601.491615148815
140	169.061984983452	1.95085881816664E-06	1714.3827244	0.82216235647432	91.4443117454683	527.896750605948
150	182.505926838574	1.82972729991687E-06	1714.3829204	0.790096344567723	96.1353535795432	507.612576694878
180	229.181836151573	1.51236895217199E-06	1714.3835084	0.63423149955137	109.326276151281	437.007746407151
200	268.977272363163	1.32100795770973E-06	1714.3839004	0.415407474173714	117.543367459538	376.585175579788
210	291.756972948935	1.23308016046367E-06	1714.3840964	0.225123652153615	121.555023952554	341.205487499962
/

PVT				
20 /			
1	1.06246010695381	0.000266491629258152	1732.76			0.999799685956218	0.907562770039218	774.180040274697
10	10.9896578510341	0.0000260550093682936	1732.7600882	0.996654267861142	8.46722067798484	762.394035007623
20	22.3531080708488	0.0000129705628238269	1732.7601862	0.992007539730298	16.5187406816925	746.502649550538
30	33.8915761773138	8.66216210402038E-06	1732.7602842	0.986353561549814	24.2627685633626	729.854022215319
40	45.4865156119176	6.53516772142714E-06	1732.7603822	0.979767485376259	31.7004215017143	713.08354992544
50	57.0557417879143	5.27547277615751E-06	1732.7604802	0.97229283785432	38.8347635456123	696.46177516444
70	79.9310279963835	3.86089519173194E-06	1732.7606762	0.954696131687276	52.2198961838448	663.892427572424
80	91.1986800178305	3.42638525636327E-06	1732.7607742	0.944503398191345	58.488907488733		647.890266546293
90	102.355055805227	3.09126886725759E-06	1732.7608722	0.933278580949039	64.4901718229379	631.99734599393
100	113.417982636482	2.82478563174725E-06	1732.7609702	0.920898850244928	70.2361944353565	616.142143145756
110	124.416339747869	2.60742201194213E-06	1732.7610682	0.907197055189983	75.7404961725428	600.248028503267
150	168.72069062408		2.02118348419349E-06	1732.7614602	0.833455934080177	95.6307368877394	534.493288565366
200	231.252642733529	1.56961829548254E-06	1732.7619502	0.642722611243073	116.770118637799	437.200483666071
210	246.026592598237	1.49389488139179E-06	1732.7620482	0.572029389826156	120.630383355008	413.632300454625
220	261.870615422618	1.42113932267028E-06	1732.7621462	0.478683096190374	124.398096405579	388.100497022998
230	278.741054134603	1.35189767610977E-06	1732.7622442	0.351877319684565	128.09213770378		360.531027756978
240	296.30337682506		1.28774387520472E-06	1732.7623422	0.175102604547762	131.747715008601	331.233933202131
/

PVT				
30 /
1	1.02391002777917	0.000281589616128059	1751.14				0.999825097465041	0.888959176256887	772.46640689172
10	10.5652132430266	0.0000275996698185765	1751.1400588		0.996983594655134	8.28904895736135	762.884013967478
20	21.4494831211522	0.000013766194514698	1751.14012413333	0.992815315067284	16.1903281495455	748.1855403068
30	32.4784034459633	0.0000092062897673366	1751.14018946667	0.98780347775063	23.8282111629321	733.062540930847
40	43.5527003011153	6.95204869026438E-06	1751.1402548		0.981998403791406	31.1929967128631	717.782310517821
50	54.5981575423338	0.0000056156299809396	1751.14032013333	0.975432886811467	38.2790513724698	702.545383547013
60	65.5621559998374	4.73556523846834E-06	1751.14038546667	0.968124570563247	45.0866432925518	687.447015186919
70	76.4105004810622	4.11453334176233E-06	1751.1404508		0.960073564997102	51.6203500858912	672.516014659288
80	87.1241985102679	3.65412511947274E-06	1751.14051613333	0.95126064050138	57.8875907823952	657.743806141571
90	97.6965598906119	3.29982962777159E-06	1751.14058146667	0.941645797003728	63.8975826287734	643.10140217195
110	118.438305831757	2.79110234392821E-06	1751.14071213333	0.919736124447554	75.1879894972682	614.03957169165
120	128.637249246659	2.60225458720227E-06	1751.14077746667	0.907238724523644	80.4911260830407	599.523695615686
130	138.75196837958		2.44301398994069E-06	1751.1408428		0.893525050826163	85.5820530209069	584.947544821845
150	158.854865943279	2.18807267849392E-06	1751.14097346667	0.861628848540888	95.1759457692453	555.379676839956
170	179.058758930426	0.0000019905076662331	1751.14110413333	0.821760789914433	104.06653492569		524.805742470056
190	199.780132745686	1.82938151363976E-06	1751.1412348		0.770039572205077	112.346908366238	492.556778463628
220	233.02308235521		1.62855855814425E-06	1751.1414308		0.65361637293482	123.810291178037	439.104614130034
240	257.49899540835		0.0000015112069478974	1751.14156146667	0.527089520406524	130.930084234082	398.568287733124
250	270.572852382291	1.45634356140942E-06	1751.1416268		0.437539174752743	134.364626726571	376.529448775898
/

PVT				
40 /
1	0.988672062563699	0.000296453476498646	1769.52			0.99984574500709	0.86998190132801	770.311275157861
10	10.1735710247985	0.0000291381113478503	1769.5200441	0.997287669479027	8.12488851213771	763.446740631263
20	20.6254523135013	0.0000145547477520086	1769.5200931	0.993518436455049	15.8699497493979	749.566770142081
30	31.1947062007808	0.0000097454210887493	1769.5201421	0.989041076555016	23.3893380713683	735.627923238712
40	41.7980622797068	7.36544014669883E-06	1769.5201911	0.983894426941277	30.6698727152715	721.622595965824
50	52.3708650986649	5.95303519257875E-06	1769.5202401	0.978099725637189	37.6991789928343	707.630790933958
80	83.4831398643277	3.87837194457057E-06	1769.5203871	0.956921612201493	57.2487082592864	666.241591831182
100	103.507228884547	3.20792524052228E-06	1769.5204851	0.939554088423073	69.0418463017715	639.227350724404
140	141.803393158582	2.46264423017216E-06	1769.5206811	0.895469362689813	89.9663489200666	585.869230337438
170	169.438947677207	2.14040070974954E-06	1769.5208281	0.851071673952679	103.651362430539	545.391271773001
200	196.868294372382	1.91316570259649E-06	1769.5209751	0.791021012755639	115.917500930752	503.280816779219
220	215.482592520014	1.79251526299829E-06	1769.5210731	0.737122936373905	123.432374354153	473.596884319883
230	225.006608197314	1.73841365940969E-06	1769.5211221	0.7040164052302		127.017146188952	458.080974522319
/

PVT				
50 /
1	0.956435518254049	0.000310999718035658	1787.9			0.999862669263449	0.851080222446201	768.015798433502
10	9.80991559446674	0.0000306687831200826	1787.90003528	0.997573668214328	7.97548293137913	764.02734439567
20	19.8683269250807	0.0000153354389294528	1787.90007448	0.994147208677103	15.5650338513609	750.819861216362
40	40.1975496569901	7.77408553432488E-06	1787.90015288	0.985519327691507	30.1386192315621	724.783882319828
50	50.3409411908147	0.0000062867075411121	1787.90019208	0.980375297436102	37.0988222737176	711.866700868611
60	60.4077087014903	5.30576387776982E-06	1787.90023128	0.974691413128468	43.8257774238844	699.015708089585
70	70.3644355872282	4.61299269217147E-06	1787.90027048	0.968472032420563	50.3148031151505	686.246454007691
90	89.859860458109		3.70477316160148E-06	1787.90034888	0.954416940478174	62.5827512755809	660.987278498399
100	99.3736717563716	3.39274889855627E-06	1787.90038808	0.946558941772618	68.3711724532392	648.496273479915
110	108.725183450988	3.14042625283848E-06	1787.90042728	0.938118683636288	73.9387187844388	636.086822779011
150	144.58511337217		2.48415071853486E-06	1787.90058408	0.897700077842045	94.1743648047359	586.948430552298
170	161.722017571657	2.27784284543874E-06	1787.90066248	0.872551549290738	103.19796971891		562.395767158233
200	186.764773421046	2.04873139696923E-06	1787.90078008	0.826119234591169	115.563091640368	525.048761968927
220	203.238110682482	1.93092864837246E-06	1787.90085848	0.787127236520198	123.122168250745	499.478171348994
230	211.472913209037	0.0000018793701310755	1787.90089768	0.764362152921143	126.719584298047	486.39579914068
240	219.738042395036	1.83171334958694E-06	1787.90093688	0.738867332073988	130.20527725709		473.068412111264
250	228.058264892085	1.78736248903119E-06	1787.90097608	0.710095119494344	133.586189007776	459.45885358496

/

PVT				
60 /
1	0.927052661065454	0.000325101542922753	1806.28				0.999876862947118	0.832853156363021	765.830085895738
10	9.471223084293		0.000032187072788582	1806.2800294		0.997842142383236	7.83849833111776	764.480058224162
30	28.9423612695382	0.0000108040093027418	1806.28009473333	0.991067685438023	22.5369992691282	739.6369128432
40	38.7296941490187	8.17693457907436E-06	1806.2801274		0.986932807490227	29.6107523352562	727.460868719675
50	48.4815906941946	6.61566355207782E-06	1806.28016006667	0.982334889930521	36.4880623639967	715.426845254437
60	58.1593924416231	5.58529467374744E-06	1806.28019273333	0.97727978701535	43.1564200450062	703.492324763544
70	67.7326082694829	4.85717591516954E-06	1806.2802254		0.971769711629051	49.6078160340954	691.641365150766
80	77.1780994362441	4.31721059222442E-06	1806.28025806667	0.965804006744651	55.8387491207546	679.869469800337
90	86.4792485225201	3.90212418932436E-06	1806.28029073333	0.95937867710999	61.8494813264191	668.175554526713
100	95.6250749566094	3.57401924252526E-06	1806.2803234		0.952485642036651	67.6431515064271	656.558263687184
110	104.609358445244	3.30882514248363E-06	1806.28035606667	0.945111975592146	73.2249597577744	645.014508134718
150	138.930497333369	2.62125630690973E-06	1806.28048673333	0.910342488579577	93.5759190746483	599.440709878887
200	178.653494828277	2.17207074504037E-06	1806.28065006667	0.851598588736247	115.161800580213	542.999337348792
220	203.238110682482	1.93092864837246E-06	1787.90085848		0.787127236520198	122.793675040974	500.692821585105
250	216.105525310186	1.91336583715469E-06	1806.2808134		0.764920953462006	133.339601853587	485.416593297496
280	253.596594539595	1.66956033304775E-06	1787.90109368		0.596088158600657	142.95116557936		416.885766201384
300	253.078291877924	1.74095439823263E-06	1806.28097673333	0.621841661985938	148.915266361563	424.36344519423
/

PVT				
70 /
1	0.900662504419408	0.000338524888131495	1824.66			0.999889036250715	0.815985899128625	763.917501812302
10	9.15588951335306	0.0000336846594084183	1824.6600252	0.9980887710854		7.709246547394		764.626931764583
20	18.5163265646281	0.000016869850152725	1824.6600532	0.995262153691245	15.0188926048712	753.209566560276
30	27.943760571828		0.0000113217759940392	1824.6600812	0.99193313683892	22.1416744666941	741.391026944465
40	37.3760180499837	8.57313636041415E-06	1824.6601092	0.98818733313539	29.0984825612485	729.832328999759
50	46.7700191391003	6.93902684294259E-06	1824.6601372	0.984047604380651	35.8806562866181	718.49680450165
60	56.0916850084776	5.86004541074723E-06	1824.6601652	0.979521036220795	42.4763980456792	707.318970628564
80	74.41472786839		4.53113785985395E-06	1824.6602212	0.969311238574397	55.0743984136854	685.28326173292
90	83.3785778980682	4.09585942776606E-06	1824.6602492	0.963623691091519	61.0682693666291	674.388015126694
100	92.1937476560526	3.75172856613181E-06	1824.6602772	0.957541123712062	66.8583316786144	663.563148019581
110	100.852692275223	3.47359144078715E-06	1824.6603052	0.951055380759968	72.4473324859849	652.804483696706
150	133.881556779921	2.75346074881718E-06	1824.6604172	0.920799333168798	92.8978388475731	610.364668005654
210	178.980918904511	2.22327419478131E-06	1824.6605852	0.859368332913964	118.605480185882	547.92157925262
250	206.76044535619		2.02518971486522E-06	1824.6606972	0.802583029219777	133.060956719559	506.379868185776
280	226.827618894286	1.91795006902318E-06	1824.6607812	0.746826388084485	142.762354525618	474.8082724735
300	240.002483843867	1.85944869466787E-06	1824.6608372	0.700482122529804	148.763995003397	453.381834883585
/

PVT				
80 /
1	0.877826818655108	0.00035084214414991		1843.04			0.9998996227444		0.801383271937934	762.363813527417
10	8.86308110818084	0.0000351503578204373	1843.04002205	0.998308146674881	7.58276548934216	764.336084367344
30	27.0148178187735	0.0000118306859380336	1843.04007105	0.992733613952039	21.7736099772527	743.068598562609
50	45.1866315712585	7.25603710977954E-06	1843.04012005	0.985573199725342	35.29048408308		721.246295474045
70	63.080562079282		5.33226105764245E-06	1843.04016905	0.977083385133527	48.1360663447514	700.260990623803
90	80.5194086199023	4.28552345228201E-06	1843.04021805	0.967283466426395	60.2508628292783	679.770829546537
110	97.396938134751		0.0000036346001743296	1843.04026705	0.956145888007347	71.611231813576		659.599567445475
130	113.660276821625	3.19514618201824E-06	1843.04031605	0.943614577963527	82.2282724389849	639.677401086255
150	129.295375820723	2.88146894750573E-06	1843.04036505	0.929600762636528	92.1358450688914	619.975806743137
170	144.315020128246	2.64839583940458E-06	1843.04041405	0.913973993263963	101.379711058311	600.476562103347
200	165.760783808246	2.39584590327837E-06	1843.04048755	0.88709124765873	114.11070080337		571.560472710888
230	186.041301932513	2.21808173234417E-06	1843.04056105	0.855235236361661	125.627036593549	542.954180441167
260	205.336952030307	2.08817093203104E-06	1843.04063455	0.816996347153442	136.080504466232	514.523483536951
290	223.847913066819	1.99033577526294E-06	1843.04070805	0.770210076678756	145.605885620026	486.099612742305
300	229.880791645114	1.96302333577087E-06	1843.04073255	0.752177381733494	148.595851149911	476.592307098052
310	235.85880081258		1.93787075031951E-06	1843.04075705	0.732665757213998	151.50022038636		467.054934017818
/

PVT				
90 /
1	0.859739669150554	0.000361305091009429	1861.42				0.999908843015005	0.790423380578957	761.196096903721
10	8.59211689861236	0.0000365718200638728	1861.4200196		0.998497681182537	7.45617299974645	763.583225168588
30	26.147451795751		0.0000123293780134922	1861.42006315556	0.993479487267241	21.4317736888759	744.638414047596
50	43.7148266794976	7.56598656708829E-06	1861.42010671111	0.986958574649373	34.7283345658414	723.801182973767
70	61.0100288968468	5.56181941367909E-06	1861.42015026667	0.979273394872347	47.4046087302948	703.827601437363
100	86.1066578020455	4.09512406182369E-06	1861.4202156		0.965651016748521	65.1601627264878	674.974285089356
130	109.943838166091	3.33287160327413E-06	1861.42028093333	0.949437399366693	81.3489212181314	646.883853951071
160	132.424788023008	0.0000028754503449192	1861.42034626667	0.930432805151417	96.0208088077299	619.313134946707
190	153.574331522049	2.57657154713628E-06	1861.4204116		0.908310628755325	109.297760079764	592.195295979883
220	173.485228058348	2.37019468723503E-06	1861.42047693333	0.882570856895933	121.32626858376		565.500160139486
250	192.286147435855	2.22220543242601E-06	1861.42054226667	0.852468459904557	132.250768974717	539.183269118746
280	210.124915257762	2.11319869238506E-06	1861.4206076		0.816905614090672	142.202725796867	513.170896795466
320	232.690790667056	2.00856672909236E-06	1861.42069471111	0.758074626037857	154.158226228642	478.773057456318
350	248.923495012174	1.95112570813275E-06	1861.42076004444	0.701945608397903	162.270353518778	452.999642987117
380	264.768196464619	1.90621115043583E-06	1861.42082537778	0.6307002416266		169.749792198611	427.043229607078
400	275.213189020774	1.88144430906862E-06	1861.42086893333	0.571307382759235	174.425201633724	409.530690587
450	301.36088896239		0.0000018318216653954	1861.42097782222	0.352256556350294	185.198001697654	364.532718866255
/

PVT				
100 /
1	0.848551282718885	0.000368677517506089	1879.8			0.999916760690615	0.785321786527861	760.396335600144
10	8.34234196814416	0.000037936066074741	1879.80001764	0.99865884892771	7.3296072218872		762.453147874007
50	42.3410167080077	7.86810696770084E-06	1879.80009604	0.988235442141341	34.1996510572579	726.224438436559
100	83.3871439008412	0.000004259871602807	1879.80019404	0.968957334577809	64.2831033146347	679.695482579909
150	121.181905411422	3.12551726165888E-06	1879.80029204	0.943535012933265	90.3767491181261	635.938838008494
250	186.299326270667	2.31140759060123E-06	1879.80048804	0.870227732744558	131.6864120178		552.522969842348
300	214.414955604198	2.14139515363483E-06	1879.80058604	0.817854819007195	148.012839272788	512.568826806887
360	245.310430460609	2.02149541130154E-06	1879.80070364	0.732274971805901	164.728693496759	465.715633370863
400	264.70618378582		1.97204101735753E-06	1879.80078204	0.653199128229283	174.44574113193		434.71164586577
420	274.179656881385	1.95339661272063E-06	1879.80082124	0.603494486350065	178.941265501915	419.135633804075
/

PVT				
110 /
1	0.847836827394325	0.000371079643202105	1898.18				0.999923313666682	0.789622764579172	759.908755160179
10	8.1135317949746		0.0000392276990625115	1898.18001603636	0.998795679568687	7.20561455919359	761.089059674632
50	41.0546852830525	8.16142771837203E-06	1898.18008730909	0.989419928680177	33.7035856188522	728.509834271176
100	80.8502319296933	0.0000044193175263583	1898.1801764		0.971903355230025	63.4145851887611	683.97433115404
150	117.552084337623	3.24125913160965E-06	1898.18026549091	0.949122541804434	89.4078562205525	642.584628709622
200	150.817193816887	2.69402016619251E-06	1898.18035458182	0.920533623333839	111.795819126953	602.838399989326
250	180.854312464651	2.39568900635139E-06	1898.18044367273	0.884978014199306	131.008851397907	564.364793914104
300	208.078516147508	2.22044324749105E-06	1898.18053276364	0.840552906661229	147.555441676458	527.136362242122
350	232.976406005954	2.11476731258262E-06	1898.18062185455	0.784039160975022	161.893626103007	491.04024464678
400	256.069262561991	0.0000020517511727752	1898.18071094545	0.709732062461364	174.401303291408	455.755006918123
450	277.916134316756	2.01593252380304E-06	1898.18080003636	0.606854964049036	185.389040649103	420.740082139028
/