дата	давление	температура
д.м.г	кг/см2	оС
1	2	3
19.03.2006	89,40	21,30
20.03.2006	87,90	21,80
21.03.2006	88,60	21,50
22.03.2006	85,40	20,70
23.03.2006	86,20	20,90
24.03.2006	86,70	21,10
25.03.2006	86,80	20,80
26.03.2006	86,70	20,70
27.03.2006	89,30	21,10
28.03.2006	89,70	21,80
29.03.2006	89,00	21,70
30.03.2006	88,90	21,60
31.03.2006	89,00	22,00
01.04.2006	88,76	21,95
02.04.2006	87,95	21,36
03.04.2006	87,88	21,72
04.04.2006	87,58	21,28
05.04.2006	88,52	21,50
06.04.2006	89,09	21,99
07.04.2006	89,38	22,06
08.04.2006	89,20	21,66
09.04.2006	89,25	36,88
10.04.2006	89,08	22,26
11.04.2006	89,08	22,18
12.04.2006	87,76	22,01
13.04.2006	84,85	21,15
14.04.2006	84,31	20,66
15.04.2006	88,84	21,24
16.04.2006	88,95	21,85
17.04.2006	88,99	21,93
18.04.2006	88,92	21,64
19.04.2006	87,13	21,17
20.04.2006	88,87	22,08
21.04.2006	89,00	22,10
22.04.2006	88,89	22,02
23.04.2006	88,50	20,57
24.04.2006	88,91	22,08
25.04.2006	88,70	21,79
26.04.2006	87,85	21,34
27.04.2006	88,29	21,31
28.04.2006	88,26	21,54
29.04.2006	88,35	21,65
30.04.2006	88,45	22,09
01.05.2006	88,46	21,87
02.05.2006	88,09	21,94
03.05.2006	88,36	21,64
04.05.2006	86,12	20,89
05.05.2006	86,46	21,25
06.05.2006	86,33	21,20
07.05.2006	89,16	22,18
08.05.2006	89,70	22,37
09.05.2006	89,60	22,54
10.05.2006	88,28	21,94
11.05.2006	88,94	22,23
12.05.2006	88,93	22,24
13.05.2006	88,76	22,14
14.05.2006	88,98	22,15
15.05.2006	89,15	21,80
16.05.2006	89,22	21,66
17.05.2006	89,25	21,15
18.05.2006	88,99	20,81
19.05.2006	88,80	20,87
20.05.2006	88,88	20,97
21.05.2006	89,17	21,10
22.05.2006	89,21	21,19
23.05.2006	88,92	20,92
24.05.2006	89,05	21,22
25.05.2006	57,60	17,60
26.05.2006		
27.05.2006		
28.05.2006		
29.05.2006		
30.05.2006	59,16923077	8,130769231
31.05.2006	81,48461538	15,21538462
01.06.2006	86,47692308	17,58461538
02.06.2006	86,12307692	17,38461538
03.06.2006	82,96153846	17,97692308
04.06.2006	83,60769231	18,4
05.06.2006	84,13076923	19,73076923
06.06.2006	81,93846154	20,37692308
07.06.2006	83,80230769	19,16153846
08.06.2006	84,00769231	19,47692308
09.06.2006	81,31538462	19,47692308
10.06.2006	80,96923077	19,52307692
11.06.2006	81,44615385	20,22307692
12.06.2006	80,35384615	19,36153846
13.06.2006	80,39230769	19,51538462
14.06.2006	80,47692308	19,43076923
15.06.2006	80,85384615	19,63076923
16.06.2006	82,17692308	19,82307692
17.06.2006	83,08461538	20,26153846
18.06.2006	82,36923077	20,43846154
19.06.2006	82,23846154	20,47692308
20.06.2006	81,71538462	20,25384615
21.06.2006	82,23076923	20,79230769
22.06.2006	82,94615385	21,45384615
23.06.2006	79,38461538	21,10769231
24.06.2006	87,72307692	21,71769231
25.06.2006	88,36923077	23,21538462
26.06.2006	88,75384615	23,5
27.06.2006	88,87692308	23,63846154
28.06.2006	88,93846154	23,81538462
29.06.2006	88,4	23,64615385
30.06.2006	79,99230769	23,73846154
01.07.2006	87,35384615	23,01538462
02.07.2006	87,41538462	23,49230769
03.07.2006	83,20769231	22,9
04.07.2006	83,35384615	22,80769231
05.07.2006	83,34615385	22,43076923
06.07.2006	87,03846154	22,87692308
07.07.2006	86,30769231	22,70769231
08.07.2006	86,21538462	23,10769231
09.07.2006	86,66923077	23,5
10.07.2006	86,60769231	23,37692308
11.07.2006	86,84615385	23,59230769
12.07.2006	86,98461538	23,83076923
13.07.2006	86,87692308	24,00769231
14.07.2006	86,48461538	23,80769231
15.07.2006	88,48461538	24,8
16.07.2006	87,22307692	24,39230769
17.07.2006	86,10769231	24,13076923
18.07.2006	85,90769231	24,42307692
19.07.2006	87,86153846	24,33076923
20.07.2006	91,70769231	25,23076923
21.07.2006	91,24615385	25,55384615
22.07.2006	90,92307692	25,54923077
23.07.2006	95,01538462	27,17692308
24.07.2006	95,46923077	28,21538462
25.07.2006	93,69230769	27,33846154
26.07.2006	93,88461538	27,12307692
27.07.2006	94,3	28,02307692
28.07.2006	93,94846154	27,65384615
29.07.2006	91,55384615	26,88461538
30.07.2006	91,96923077	27,23076923
31.07.2006	91,83076923	27,22307692
01.08.2006	94,06153846	27,28461538
02.08.2006	96,26153846	27,92307692
03.08.2006	93,18461538	26,03076923
04.08.2006	98,20769231	27,19230769
05.08.2006	98,44615385	27,36923077
06.08.2006	97,8	27,33846154
07.08.2006	96,27692308	26,89230769
08.08.2006	95,46153846	26,06923077
09.08.2006	95,97692308	26,88461538
10.08.2006	97,48461538	27,33076923
11.08.2006	98,08461538	27,56923077
12.08.2006	98,25384615	27,39230769
13.08.2006	97,52307692	26,83846154
14.08.2006	96,85384615	26,69230769
15.08.2006	96,94615385	26,95384615
16.08.2006	97,5	26,72307692
17.08.2006	97,40769231	26,72307692
18.08.2006	97,65384615	26,84615385
19.08.2006	95,73846154	26,73846154
20.08.2006		
21.08.2006		
22.08.2006		
23.08.2006		
24.08.2006		
25.08.2006		
26.08.2006		
27.08.2006		
28.08.2006		
29.08.2006		
30.08.2006		
31.08.2006		
01.09.2006		
02.09.2006		
03.09.2006		
04.09.2006		
05.09.2006		
06.09.2006		
07.09.2006		
08.09.2006		
09.09.2006		
10.09.2006		
11.09.2006	78,22307692	16,07692308
12.09.2006	78,01538462	18,50769231
13.09.2006	81,82307692	17,66153846
14.09.2006	83,8	18,60769231
15.09.2006	85,52307692	19,06923077
16.09.2006	86,47692308	19,76923077
17.09.2006	86,16153846	18,98461538
18.09.2006	84,42307692	19
19.09.2006	84,12307692	18,17692308
20.09.2006	85,66153846	19,43076923
21.09.2006	86,48461538	19,80769231
22.09.2006	65,08461538	13,89230769
23.09.2006	85,11538462	19,40769231
24.09.2006	87,47692308	20,32307692
25.09.2006	86,92307692	20,11538462
26.09.2006	90,69230769	19,93846154
27.09.2006	92,23076923	20,09230769
28.09.2006	92,03076923	20,5
29.09.2006	92,03846154	34,20769231
30.09.2006	92,23076923	20,60769231
01.10.2006	92,65384615	20,45384615
02.10.2006	89,91538462	19,7
03.10.2006	89,77692308	19,43846154
04.10.2006	93,08461538	20,65384615
05.10.2006	86,63076923	19,28692308
06.10.2006	87,13846154	18,3
07.10.2006	91,89230769	19,67692308
08.10.2006	90,8	20,5
09.10.2006	88,87692308	19,72307692
10.10.2006	88,86923077	17,7
11.10.2006	90,62307692	19,50769231
12.10.2006	91,09230769	20,29230769
13.10.2006	91,96923077	20,27692308
14.10.2006	91,50769231	19,98461538
15.10.2006	91,35384615	20,23846154
16.10.2006	90,98461538	20,15384615
17.10.2006	90,92307692	20,2
18.10.2006	91,2	20,74615385
19.10.2006	91,2	20,9
20.10.2006	90,74615385	20,45384615
21.10.2006	90,34615385	20,06923077
22.10.2006	90,07692308	20,03846154
23.10.2006	90,31538462	34,33846154
24.10.2006	90,33846154	20,50769231
25.10.2006	90,92307692	20,73076923
26.10.2006	91,43076923	20,60769231
27.10.2006	91,86153846	20,29230769
28.10.2006	92,1	20,52307692
29.10.2006	92,20769231	20,57692308
30.10.2006	92,73076923	35,91538462
31.10.2006	91,83846154	20,56153846
01.11.2006	91,8	19,9
02.11.2006	91,7	20,5
03.11.2006	88,9	19,7
04.11.2006	90,7	20,8
05.11.2006	91,5	20,1
06.11.2006	90,5	19,8
07.11.2006	89,7	20
08.11.2006	87	19,3
09.11.2006	82,1	17,1
10.11.2006	79,7	18,9
11.11.2006	92,2	20,3
12.11.2006	91,7	19,7
13.11.2006	88,6	20
14.11.2006	91,2	19,5
15.11.2006	91,5	20
16.11.2006	91,9	20,9
17.11.2006	92	21,1
18.11.2006	92,1	21,3
19.11.2006	92	21,2
20.11.2006	91,9	21,3
21.11.2006	90,2	20,9
22.11.2006	91,3	21,4
23.11.2006	92	22,1
24.11.2006	92,2	22,2
25.11.2006	92,1	22
26.11.2006	92,1	22
27.11.2006	91,7	22
28.11.2006	92,9	21,3
29.11.2006	91,4	21,6
30.11.2006	91,4	21,9
01.12.2006	90,4	21,9
02.12.2006	91,3	22,2
03.12.2006	91,2	22,1
04.12.2006	93,4	22
05.12.2006	91,3	22,2
06.12.2006	90	21,3
07.12.2006	92,2	22,2
08.12.2006	91,8	20,8
09.12.2006	90,9	21,6
10.12.2006	91	22,1
11.12.2006	91	22
12.12.2006	93,8	22,1
13.12.2006	94,2	22,9
14.12.2006	92,9	22,9
15.12.2006	91,3	22,6
16.12.2006	93	22,7
17.12.2006	93	23
18.12.2006	92,3	22,8
19.12.2006	92,4	23
20.12.2006	92,1	23
21.12.2006	92,1	22,8
22.12.2006	92,2	22,5
23.12.2006	92,2	22,5
24.12.2006	92,2	22,8
25.12.2006	89,9	22,3
26.12.2006	90,6	20,9
27.12.2006	90,6	20,7
28.12.2006	90,2	20,9
29.12.2006	90,3	20,7
30.12.2006	90,2	20,8
31.12.2006	90,1	20,8
01.01.2007	90,3	20,3
02.01.2007	89,7	20,2
03.01.2007	90,2	20,6
04.01.2007	90,4	20,9
05.01.2007	90,6	21,1
06.01.2007	90,4	21
07.01.2007	90,4	20,8
08.01.2007	90,6	21,1
09.01.2007	90,5	21
10.01.2007	90,5	20,8
11.01.2007	92,9	20,6
12.01.2007	92,3	22,8
13.01.2007	92,3	23,3
14.01.2007	92	23,3
15.01.2007	89,6	22,7
16.01.2007	89,7	22,7
17.01.2007	89,4	22,5
18.01.2007	89,6	22,6
19.01.2007	89,9	22,6
20.01.2007	89,9	22,8
21.01.2007	89,6	22,5
22.01.2007	88,4	21,2
23.01.2007	90,5	21,4
24.01.2007	89,3	20,1
25.01.2007	89,3	20,2
26.01.2007	89,2	20,2
27.01.2007	89,2	20,2
28.01.2007	89,5	20,3
29.01.2007	89,8	20,4
30.01.2007	89,8	20,4
31.01.2007	89,8	20,6
01.02.2007	89,8	20,2
02.02.2007	89,7	20,3
03.02.2007	89,7	20,4
04.02.2007	89,5	20,3
05.02.2007	89,6	20,5
06.02.2007	89,6	20,6
07.02.2007	89,8	20,8
08.02.2007	89,8	20,7
09.02.2007	89,9	20,7
10.02.2007	89,9	20,8
11.02.2007	89,9	20,9
12.02.2007	89,8	20,5
13.02.2007	89,9	20,5
14.02.2007	89,3	20,8
15.02.2007	89,2	21,1
16.02.2007	82,8	21,2
17.02.2007	90,3	20,6
18.02.2007	90,1	20,6
19.02.2007	90,4	20,9
20.02.2007	90,2	20,8
21.02.2007	90,5	21
22.02.2007	90,5	21,2
23.02.2007	90,1	20,7
24.02.2007	90,4	21
25.02.2007	90,4	21,2
26.02.2007	90,4	21,2
27.02.2007	90,6	21,2
28.02.2007	90,5	20,7
01.03.2007	90,8	20,9
02.03.2007	91,1	21,1
03.03.2007	91,9	20,5
04.03.2007	91,1	20,1
05.03.2007	90,6	19,8
06.03.2007	90,6	19,9
07.03.2007	90,9	20,2
08.03.2007	90,8	20,1
09.03.2007	90,7	20,1
10.03.2007	90,8	20,3
11.03.2007	90,8	20,5
12.03.2007	90,9	20,4
13.03.2007	90,8	20,2
14.03.2007	90,9	20,5
15.03.2007	92,9	20,6
16.03.2007	92,9	20,8
17.03.2007	93	20,9
18.03.2007	93	20,8
19.03.2007	92,7	20,8
20.03.2007	92,9	21
21.03.2007	93	21,1
22.03.2007	93,3	21,1
23.03.2007	93,4	21,2
24.03.2007	93,4	21,2
25.03.2007	93,4	21,1
26.03.2007	93,6	21,1
27.03.2007	93,6	21,3
28.03.2007	95,6	21,3
29.03.2007	95,4	21,2
30.03.2007	96	21,3
31.03.2007	96,5	21,4
01.04.2007	93,5	21,1
02.04.2007	98,9	20,6
03.04.2007	100,2	20,4
04.04.2007	101,2	20,5
05.04.2007	100,6	20,6
06.04.2007	101	20,8
07.04.2007	100,9	20,8
08.04.2007	100,7	20,7
09.04.2007	102,5	20,4
10.04.2007	100,6	20,6
11.04.2007	100,1	20,5
12.04.2007	98,2	20,2
13.04.2007	100,4	21,1
14.04.2007	100,6	21,1
15.04.2007	100,7	21,2
16.04.2007	100,6	21,1
17.04.2007	100,7	21
18.04.2007	100,7	21,3
19.04.2007	100,7	21
20.04.2007	100,9	21
21.04.2007	100,9	21,1
22.04.2007	100,8	20,8
23.04.2007	101	20,7
24.04.2007	100,8	20,6
25.04.2007	100,8	20,1
26.04.2007	100,9	20,3
27.04.2007	100,7	20,1
28.04.2007	102,5	20,6
29.04.2007	101,1	20,5
30.04.2007	92,3	19,8
01.05.2007	101,1	20,4
02.05.2007	101,5	20
03.05.2007	100,9	20
04.05.2007	103,1	20,4
05.05.2007	99,3	20,4
06.05.2007	100,9	20,4
07.05.2007	101	20,4
08.05.2007	100,4	21,2
09.05.2007	100,9	20,3
10.05.2007	100,1	19
11.05.2007	102	20,3
12.05.2007	103,8	20,7
13.05.2007	48,9	16
14.05.2007	103,9	18,4
15.05.2007	99,2	19,5
16.05.2007	99	19,5
17.05.2007	98,2	19,6
18.05.2007	94,8	20
19.05.2007	103,6	21,5
20.05.2007	98	19,9
21.05.2007	102,9	21,3
22.05.2007	103	22
23.05.2007	102,6	22
24.05.2007	100,1	21,3
25.05.2007	100,4	21,1
26.05.2007	102,4	20,5
27.05.2007	97	21,5
28.05.2007	103,7	20,3
29.05.2007	103,8	20,5
30.05.2007	95,1	19,4
31.05.2007	97,9	19,7
01.06.2007	102	20
02.06.2007	103,7	20,5
03.06.2007	103	21,3
04.06.2007	102,6	21,7
05.06.2007	102,5	22
06.06.2007	103,9	22,8
07.06.2007	104	21,1
08.06.2007	101,4	21,5
09.06.2007	100,9	21,3
10.06.2007	101,1	20,8
11.06.2007	102	21,1
12.06.2007	100,8	20,7
13.06.2007	101,5	21,2
14.06.2007	102,2	21,8
15.06.2007	101,3	21,7
16.06.2007	98,8	21,3
17.06.2007	104,4	22,3
18.06.2007	101,8	21,9
19.06.2007	103,6	22,4
20.06.2007	102,6	22,5
21.06.2007	103,9	23,3
22.06.2007	104	23,7
23.06.2007	104,3	22,8
24.06.2007	101,4	23,1
25.06.2007	103,6	23,7
26.06.2007	101,5	23,2
27.06.2007	103,2	24
28.06.2007	102,7	24,7
29.06.2007	103,1	25,3
30.06.2007	103,4	26
01.07.2007	104,4	23,9
02.07.2007	98,8	23
03.07.2007	104,1	22,7
04.07.2007	104,5	23
05.07.2007	106,3	23,1
06.07.2007	105,1	23,4
07.07.2007	105,5	23,6
08.07.2007	106,2	23,2
09.07.2007	103,7	23
10.07.2007	106	23,8
11.07.2007	106	23,5
12.07.2007	105,8	24
13.07.2007	105,8	24,2
14.07.2007	105,4	24,9
15.07.2007	106,6	25,4
16.07.2007	105,9	23,9
17.07.2007	105,4	23,9
18.07.2007	105,7	24,1
19.07.2007	105,8	24,2
20.07.2007	97	23,7
21.07.2007	96,5	23,4
22.07.2007	97,6	23,4
23.07.2007	97,8	24
24.07.2007	96,8	24,6
25.07.2007	96,1	23,5
26.07.2007	104,6	26,2
27.07.2007	91,8	24,4
28.07.2007	96,9	23,3
29.07.2007	94,4	25
30.07.2007	77,8	21,2
31.07.2007	81,5	20,1
01.08.2007	92,4	19,6
02.08.2007		
03.08.2007		
04.08.2007		
05.08.2007		
06.08.2007		
07.08.2007		
08.08.2007		
09.08.2007		
10.08.2007		
11.08.2007		
12.08.2007		
13.08.2007		
14.08.2007		
15.08.2007		
16.08.2007		
17.08.2007		
18.08.2007		
19.08.2007		
20.08.2007		
21.08.2007		
22.08.2007		
23.08.2007		
24.08.2007		
25.08.2007		
26.08.2007		
27.08.2007		
28.08.2007		
29.08.2007		
30.08.2007		
31.08.2007		
01.09.2007		
02.09.2007		
03.09.2007		
04.09.2007		
05.09.2007		
06.09.2007		
07.09.2007		
08.09.2007	83,8	21,8
09.09.2007	93,7	30,3
10.09.2007	87	20,1
11.09.2007	83,1	18,4
12.09.2007	93,6	17,1
13.09.2007	96,2	17,5
14.09.2007	95,1	17,7
15.09.2007	95,2	18,2
16.09.2007	97,3	19,3
17.09.2007	96,2	18,7
18.09.2007	97	20,7
19.09.2007	97	18,5
20.09.2007	96,2	17,5
21.09.2007	96,7	18,3
22.09.2007	96,3	18,1
23.09.2007	96,7	18,3
24.09.2007	95,3	18,6
25.09.2007	95,2	19,1
26.09.2007	97	19,9
27.09.2007	92,7	18,2
28.09.2007	95	18,6
29.09.2007	94,3	18
30.09.2007	94,5	18,3
01.10.2007	91,5	17,8
02.10.2007	102,2	20,3
03.10.2007	99,4	20,2
04.10.2007	99,7	20,4
05.10.2007	99,2	20,2
06.10.2007	98,9	20,2
07.10.2007	100,8	21,2
08.10.2007	97	19,7
09.10.2007	98	19,8
10.10.2007	98,7	19,1
11.10.2007	98,6	19,2
12.10.2007	98,1	19,2
13.10.2007	98	18,8
14.10.2007	98,4	19
15.10.2007	98,6	19,1
16.10.2007	99,1	19,3
17.10.2007	99,3	20,8
18.10.2007	98,8	19
19.10.2007	96,1	20,1
20.10.2007	94,5	19,7
21.10.2007	96,7	20,5
22.10.2007	96,5	21,2
23.10.2007	96	21
24.10.2007	96,5	21,4
25.10.2007	93,9	15,8
26.10.2007	97,5	16,4
27.10.2007	94,2	17
28.10.2007	98,1	16,9
29.10.2007	97,7	17,4
30.10.2007	97,1	17,4
31.10.2007	97,7	17,7
01.11.2007	95,2	18,8
02.11.2007	97,4	17,2
03.11.2007	94,2	17,8
04.11.2007	96,9	18,2
05.11.2007	94,2	17,3
06.11.2007	94	17,3
07.11.2007	94,6	17,3
08.11.2007	94,5	17,4
09.11.2007	93	17,8
10.11.2007	93,9	17,3
11.11.2007	93,8	17,3
12.11.2007	93,9	17,4
13.11.2007	94,3	17,2
14.11.2007	94,3	17,1
15.11.2007	93,9	17,1
16.11.2007	93,7	16,8
17.11.2007	89,2	16,8
18.11.2007	88,2	15,3
19.11.2007	93,2	16,7
20.11.2007	93,3	17
21.11.2007	93,1	17,2
22.11.2007	93,3	16,6
23.11.2007	93,8	17
24.11.2007	93,7	16,9
25.11.2007	93,6	16,8
26.11.2007	93,7	17
27.11.2007	94	17,2
28.11.2007	93,9	17,3
29.11.2007	93,8	17,5
30.11.2007	93,9	17
01.12.2007	95,2	17,1
02.12.2007	95,3	17,3
03.12.2007	95,4	17,4
04.12.2007	95,4	17,6
05.12.2007	95,5	17,5
06.12.2007	95,2	17,6
07.12.2007	95,5	17,7
08.12.2007	95,7	17,7
09.12.2007	95,4	17,6
10.12.2007	95,5	17,8
11.12.2007	95,8	17,8
12.12.2007	95,3	17,4
13.12.2007	95,6	17,6
14.12.2007	95,4	17,6
15.12.2007	95,1	17,1
16.12.2007	95,1	17,4
17.12.2007	95,4	17,3
18.12.2007	95,4	17,4
19.12.2007	95	16,9
20.12.2007	95,1	17,2
21.12.2007	95,1	17,3
22.12.2007	95,2	17,6
23.12.2007	95,2	17,7
24.12.2007	95,4	17,8
25.12.2007	95,2	17,2
26.12.2007	95,7	17,9
27.12.2007	96,1	18,5
28.12.2007	96,4	16,5
29.12.2007	93,5	16,5
30.12.2007	100,1	17,6
31.12.2007	95,4	17,7
01.01.2008	97,5	18,1
02.01.2008	98	18,5
03.01.2008	96,6	19,1
04.01.2008	96,9	18,2
05.01.2008	96,8	18,2
06.01.2008	100,3	17,9
07.01.2008	97,4	18,2
08.01.2008	97	18
09.01.2008	96,9	17,6
10.01.2008	96,7	17,5
11.01.2008	96,8	17,4
12.01.2008	97,1	17,5
13.01.2008	97,1	17,5
14.01.2008	97,2	17,7
15.01.2008	97,3	18,2
16.01.2008	97,5	18,5
17.01.2008	97,1	18,3
18.01.2008	97,4	18,2
19.01.2008	97,7	18,6
20.01.2008	97,7	18,4
21.01.2008	97,6	18,5
22.01.2008	97,7	18,4
23.01.2008	97,9	18,4
24.01.2008	97,8	18,6
25.01.2008	98,1	18,5
26.01.2008	98,2	18,5
27.01.2008	98,5	18,5
28.01.2008	98,3	18,9
29.01.2008	97,1	18,8
30.01.2008	100,1	19
31.01.2008	98	19,1
01.02.2008	98	19
02.02.2008	98,5	19,3
03.02.2008	98,3	19,3
04.02.2008	98,2	19,4
05.02.2008	99,7	18,4
06.02.2008	99,9	18,5
07.02.2008	98,6	18,7
08.02.2008	99,8	18,5
09.02.2008	100,1	18,8
10.02.2008	100,1	18,9
11.02.2008	100,3	19
12.02.2008	100,7	19,4
13.02.2008	97,7	18,2
14.02.2008	100,8	18,3
15.02.2008	100,8	18,2
16.02.2008	100,9	18,6
17.02.2008	101,2	18,6
18.02.2008	93,5	18,3
19.02.2008	91,7	17,5
20.02.2008	94,2	17,7
21.02.2008	97,4	18,4
22.02.2008	98,2	19,2
23.02.2008	100,1	19,7
24.02.2008	98,6	20,7
25.02.2008	96,2	19,2
26.02.2008	94,5	18,9
27.02.2008	95	18,6
28.02.2008	94,3	18
29.02.2008	93,5	18,2
01.03.2008	95,3	19,3
02.03.2008	94,2	19,5
03.03.2008	98,5	20,8
04.03.2008	92,2	17,4
05.03.2008	92,2	16,6
06.03.2008	97,6	18,3
07.03.2008	97,1	18,3
08.03.2008	97,3	18,6
09.03.2008	97,5	18,7
10.03.2008	97,7	18,8
11.03.2008	97	18,7
12.03.2008	97	18,4
13.03.2008	96,9	18,3
14.03.2008	97,7	18,8
15.03.2008	97,8	18,8
16.03.2008	87,9	19,2
17.03.2008	97,1	19,1
18.03.2008	97,1	19,3
19.03.2008	96,6	18,9
20.03.2008	96,8	19
21.03.2008	95,2	19
22.03.2008	96,7	19,2
23.03.2008	96,6	18,8
24.03.2008	96,4	18,7
25.03.2008	96,8	19
26.03.2008	97,3	19,1
27.03.2008	96,7	19,1
28.03.2008	96,9	19,1
29.03.2008	96,4	19,3
30.03.2008	96,5	19,1
31.03.2008	96,5	19,1
01.04.2008	97,2	19,2
02.04.2008	96,8	19,1
03.04.2008	96,1	19
04.04.2008	95,7	18,8
05.04.2008	94,3	18,6
06.04.2008	94,5	18,8
07.04.2008	94,4	18,6
08.04.2008	94,7	18,6
09.04.2008	94,1	18,6
10.04.2008	94,7	18,4
11.04.2008	95,1	18,7
12.04.2008	95	19
13.04.2008	99,4	18,5
14.04.2008	95,3	18,7
15.04.2008	94,9	18,6
16.04.2008	95,3	18,9
17.04.2008	95,6	19,5
18.04.2008	96,2	19,6
19.04.2008	98	19,7
20.04.2008	97,8	19,9
21.04.2008		
22.04.2008		
23.04.2008	85,2	16,7
24.04.2008	91,7	14,8
25.04.2008	98,1	16,5
26.04.2008	95,2	17,6
27.04.2008	93,6	17,8
28.04.2008	95,9	17,7
29.04.2008	93,8	18,1
30.04.2008	93,1	18,2
01.05.2008	93,2	18,3
02.05.2008	91,7	18,4
03.05.2008	93,5	18,2
04.05.2008	93,8	18,1
05.05.2008	91	17,9
06.05.2008	92	17,7
07.05.2008		
08.05.2008		
09.05.2008		
10.05.2008		
11.05.2008		
12.05.2008		
13.05.2008		
14.05.2008		
15.05.2008		
16.05.2008		
17.05.2008		
18.05.2008		
19.05.2008		
20.05.2008		
21.05.2008		
22.05.2008		
23.05.2008		
24.05.2008		
25.05.2008		
26.05.2008		
27.05.2008		
28.05.2008		
29.05.2008		
30.05.2008		
31.05.2008		
01.06.2008	92,3	17,5
02.06.2008	92	17,7
03.06.2008	92,9	17,7
04.06.2008	90,9	18,3
05.06.2008	93,6	18,4
06.06.2008	92,9	18,6
07.06.2008	91,4	18,5
08.06.2008	89,2	17,9
09.06.2008	89,7	17,9
10.06.2008	78,2	17,3
11.06.2008	79,5	16,7
12.06.2008	82,2	19,3
13.06.2008	89,9	18,7
14.06.2008	90	19,7
15.06.2008	89,6	19,7
16.06.2008	84,1	18,5
17.06.2008	84,9	18,8
18.06.2008	84	18,4
19.06.2008	83,7	17,5
20.06.2008	81,7	17,5
21.06.2008	83,8	17,4
22.06.2008	83,5	17
23.06.2008	82,3	16,7
24.06.2008	82,5	16,6
25.06.2008	85,5	17,3
26.06.2008	90,6	18,6
27.06.2008	93,8	18,8
28.06.2008	91,8	19,2
29.06.2008	92,3	19,9
30.06.2008	87,4	19,9
01.07.2008	87,7	20,9
02.07.2008	87,5	21
03.07.2008	96,3	19,1
04.07.2008	91	20,2
05.07.2008	88,2	19,8
06.07.2008	91,8	19,6
07.07.2008	88	20,1
08.07.2008	90,9	19,1
09.07.2008	88,1	20,3
10.07.2008	91,8	20,3
11.07.2008	97,6	21,7
12.07.2008	95,5	21,6
13.07.2008	90,3	21,2
14.07.2008	92	21,8
15.07.2008	93,2	22
16.07.2008	92,5	22,2
17.07.2008	90,5	21,9
18.07.2008	92	22
19.07.2008	92,5	22,4
20.07.2008	92,8	22,5
21.07.2008	96,2	23,5
22.07.2008	96,7	23,9
23.07.2008	97,1	24,2
24.07.2008	98,6	24,7
25.07.2008	98,4	25
26.07.2008	97,6	25,1
27.07.2008	97,8	24,4
28.07.2008	93,8	23,7
29.07.2008	93,9	23,4
30.07.2008	96	23,2
31.07.2008	96,1	24
01.08.2008	96,4	24,2
02.08.2008	96,4	24,3
03.08.2008	96,6	24,4
04.08.2008	96,4	24,2
05.08.2008	96,4	24,1
06.08.2008	96,3	24,1
07.08.2008	96,4	24,1
08.08.2008	96,4	24,1
09.08.2008	96,4	24,4
10.08.2008	96,6	24,4
11.08.2008	91,5	23,7
12.08.2008	96,6	24,1
13.08.2008	96,8	24,3
14.08.2008	97,6	24,5
15.08.2008	97,9	24,8
16.08.2008	98,1	24,6
17.08.2008	97,6	24,6
18.08.2008	97,4	24,5
19.08.2008	96,8	24,5
20.08.2008	97,1	24,1
21.08.2008	97,1	24,5
22.08.2008	96,8	24,6
23.08.2008	97,1	24,7
24.08.2008	97,5	24,6
25.08.2008	97,8	24,8
26.08.2008	94,2	25,2
27.08.2008	97,6	24,6
28.08.2008	97,3	24,5
29.08.2008	96,3	24,1
30.08.2008	96,4	24,1
31.08.2008	90,8	23,8
01.09.2008		
02.09.2008		
03.09.2008		
04.09.2008		
05.09.2008		
06.09.2008		
07.09.2008		
08.09.2008		
09.09.2008		
10.09.2008		
11.09.2008		
12.09.2008		
13.09.2008		
14.09.2008		
15.09.2008		
16.09.2008		
17.09.2008		
18.09.2008		
19.09.2008		
20.09.2008		
21.09.2008		
22.09.2008		
23.09.2008		
24.09.2008		
25.09.2008		
26.09.2008		
27.09.2008		
28.09.2008		
29.09.2008	91,6	25,7
30.09.2008	86,3	18,8
01.10.2008	98,8	24,9
02.10.2008	93,3	18,9
03.10.2008	93,6	17,8
04.10.2008	78,1	16,3
05.10.2008	94,6	17,8
06.10.2008	93,9	17,8
07.10.2008	91,1	17
08.10.2008	94	18,2
09.10.2008	93,9	18,5
10.10.2008	83,2	19,4
11.10.2008	92,5	17,7
12.10.2008	94,4	18,3
13.10.2008	93,9	18,8
14.10.2008	93,8	18,8
15.10.2008	93,6	18,9
16.10.2008	93,9	18,7
17.10.2008	93,7	18,7
18.10.2008	93,8	19
19.10.2008	90,5	18,5
20.10.2008	90,8	18,7
21.10.2008	90,7	18,8
22.10.2008	92	18,3
23.10.2008	90	18,2
24.10.2008	90,1	18,2
25.10.2008	90,2	18
26.10.2008	90,12	18,1
27.10.2008	90,1	18,2
28.10.2008	90,3	18,2
29.10.2008	90,6	17,9
30.10.2008	90,4	18,2
31.10.2008	90,4	18,29
01.11.2008	87,2	17,6
02.11.2008	91,5	18,2
03.11.2008	91,5	18,4
04.11.2008	93,4	18,9
05.11.2008	89	18,7
06.11.2008	86,6	18,2
07.11.2008	87,1	18,8
08.11.2008	92,6	17,5
09.11.2008	93	18,1
10.11.2008	95,3	18,7
11.11.2008	86,5	17,3
12.11.2008		
13.11.2008	88	17,5
14.11.2008	89,7	18,5
15.11.2008	92,7	20,1
16.11.2008	89,6	18,9
17.11.2008	89,9	19,1
18.11.2008	85,1	19,3
19.11.2008	86,5	19,4
20.11.2008	87,6	19,7
21.11.2008	87,9	19,3
22.11.2008	89,7	20,3
23.11.2008	91,9	20,8
24.11.2008	84,8	17,8
25.11.2008	85	17,9
26.11.2008	85,3	17,2
27.11.2008	85,6	17,7
28.11.2008	87	17,8
29.11.2008	87,6	18,1
30.11.2008	89,6	19,2
01.12.2008	90,9	19,6
02.12.2008	90,6	19,8
03.12.2008	93,2	21,4
04.12.2008	93,5	21,1
05.12.2008	86,5	20
06.12.2008	94,4	20,2
07.12.2008	90,6	20,2
08.12.2008	93,1	20,2
09.12.2008	92,8	20,6
10.12.2008	94,8	20,5
11.12.2008	95,2	21,1
12.12.2008	96	21,5
13.12.2008	85,1	19,3
14.12.2008	94	19,5
15.12.2008	87	19,7
16.12.2008	91	19,4
17.12.2008	87,2	19,1
18.12.2008	85,3	19,8
19.12.2008	87,3	19,3
20.12.2008	85,1	18,5
21.12.2008	85,6	18,8
22.12.2008	86,3	19,1
23.12.2008	85	18,5
24.12.2008	81,8	18
25.12.2008	83	17,7
26.12.2008	79,5	17,1
27.12.2008	81,8	17
28.12.2008	81,8	16,8
29.12.2008	82	16,7
30.12.2008	82,3	17
31.12.2008	84	17,5
01.01.2009	84,8	17,9
02.01.2009	85	17,9
03.01.2009	86,5	18,7
04.01.2009	86,3	18,6
05.01.2009	86,4	19
06.01.2009	87,3	19,3
07.01.2009	87,6	19,6
08.01.2009	87,8	19,7
09.01.2009	89,7	20,7
10.01.2009	89,6	20,8
11.01.2009	89,7	21
12.01.2009	86,9	18,4
13.01.2009	84,9	18,4
14.01.2009	89,3	19,1
15.01.2009	86,7	18,3
16.01.2009	89,7	18,2
17.01.2009	90,7	19
18.01.2009	89,6	18,5
19.01.2009	86,9	18,4
20.01.2009	88,9	19,2
21.01.2009	88,9	19,2
22.01.2009	89	19,4
23.01.2009	89,2	19,8
24.01.2009	91	20,7
25.01.2009	91,2	20,4
26.01.2009	91,2	20,3
27.01.2009	93,1	20,4
28.01.2009	94,4	20,3
29.01.2009	94,4	20,5
30.01.2009	95,2	19,9
31.01.2009	92,2	20,6
01.02.2009	94	20,2
02.02.2009	94,1	20,2
03.02.2009	94,4	20,5
04.02.2009	94,3	21
05.02.2009	93,7	18,4
06.02.2009	93	18,2
07.02.2009	92,5	18
08.02.2009	94,7	18,4
09.02.2009	95,8	18,9
10.02.2009	95,7	19
11.02.2009	95,8	19,2
12.02.2009	95,5	18,9
13.02.2009	94,9	18,9
14.02.2009	94,7	18,9
15.02.2009	95,8	19,4
16.02.2009	95,8	19,3
17.02.2009	96,3	19,8
18.02.2009	96,2	19,6
19.02.2009	96,6	19,9
20.02.2009	96,9	20
21.02.2009	96,9	20,3
22.02.2009	97	20,3
23.02.2009	97,4	20,3
24.02.2009	96,2	20,7
25.02.2009	96,6	20,5
26.02.2009	96,3	20,2
27.02.2009	96,3	20,3
28.02.2009	96,5	20,5
01.03.2009	96,6	20,6
02.03.2009	96,7	20,5
03.03.2009	100,3	21,1
04.03.2009	99,5	21,2
05.03.2009	99,7	21,2
06.03.2009	94	19,5
07.03.2009	94,5	19,5
08.03.2009	96,7	19,4
09.03.2009	94,3	19,7
10.03.2009	94,5	19,5
11.03.2009	94,7	19,6
12.03.2009	94,7	19,5
13.03.2009	95,2	19,8
14.03.2009	95,2	20
15.03.2009	95,3	19,9
16.03.2009	95,4	19,9
17.03.2009	95,3	19,9
18.03.2009	95,3	20,3
19.03.2009	95,6	20,1
20.03.2009	92,5	19,8
21.03.2009	94,5	19,7
22.03.2009	94,5	19,6
23.03.2009	95,3	20
24.03.2009	90	18,7
25.03.2009	93,2	19,3
26.03.2009	95,3	19,4
27.03.2009	93,7	18,7
28.03.2009	92,7	19,2
29.03.2009	95,2	19,1
30.03.2009	95,6	19,1
31.03.2009	93,5	19,4
01.04.2009	93,4	18,4
02.04.2009	95,1	18,7
03.04.2009	95,5	18,5
04.04.2009	95,3	18,5
05.04.2009	95,7	17,9
06.04.2009	95,4	18,3
07.04.2009	95,3	18,6
08.04.2009	91,6	18,9
09.04.2009	91,5	18,9
10.04.2009	91,5	19,3
11.04.2009	90,8	19,3
12.04.2009	91	18,6
13.04.2009	91,4	18,5
14.04.2009	90,3	17,8
15.04.2009	93,8	17,9
16.04.2009	92,8	18,7
17.04.2009	92,9	18,8
18.04.2009	93,1	18,8
19.04.2009	93,4	18,7
20.04.2009	93,6	19,1
21.04.2009	95,4	19,6
22.04.2009	94,9	18
23.04.2009	90,9	18,3
24.04.2009	90	17,8
25.04.2009	89,6	17,8
26.04.2009	90,9	18,4
27.04.2009	88,4	18,4
28.04.2009	90,2	18,3
29.04.2009	90,4	17,5
30.04.2009	89,4	17,6
01.05.2009	90,3	18,5
02.05.2009	90,4	18,9
03.05.2009	90,6	18,7
04.05.2009	97,4	19,7
05.05.2009	53,9	19,3
06.05.2009	90,9	17,6
07.05.2009	92,6	17,8
08.05.2009	92	18
09.05.2009	94,3	18
10.05.2009	94,1	18,1
11.05.2009	94,5	18,4
12.05.2009	92,5	17,9
13.05.2009	93,5	18,1
14.05.2009	93,7	18,4
15.05.2009	95	18,6
16.05.2009	97	18,9
17.05.2009	92,6	18,3
18.05.2009	92,8	18,6
19.05.2009	91,4	18,6
20.05.2009	90,4	18,4
21.05.2009	92,7	18,5
22.05.2009	93,5	19,1
23.05.2009	95,8	19,4
24.05.2009	96,3	19,8
25.05.2009	97,1	20
26.05.2009	97,5	19,8
27.05.2009	95	19,9
28.05.2009	94,6	19,5
29.05.2009	94,4	19,4
30.05.2009	90,6	19,3
31.05.2009		
01.06.2009		
02.06.2009		
03.06.2009		
04.06.2009		
05.06.2009		
06.06.2009		
07.06.2009		
08.06.2009		
09.06.2009		
10.06.2009		
11.06.2009		
12.06.2009		
13.06.2009		
14.06.2009		
15.06.2009		
16.06.2009		
17.06.2009		
18.06.2009		
19.06.2009		
20.06.2009		
21.06.2009		
22.06.2009		
23.06.2009		
24.06.2009		
25.06.2009		
26.06.2009		
27.06.2009		
28.06.2009		
29.06.2009		
30.06.2009		
01.07.2009		
02.07.2009		
03.07.2009		
04.07.2009		
05.07.2009		
06.07.2009		
07.07.2009		
08.07.2009		
09.07.2009		
10.07.2009		
11.07.2009		
12.07.2009		
13.07.2009		
14.07.2009		
15.07.2009		
16.07.2009		
17.07.2009		
18.07.2009		
19.07.2009		
20.07.2009		
21.07.2009		
22.07.2009		
23.07.2009		
24.07.2009		
25.07.2009		
26.07.2009		
27.07.2009		
28.07.2009		
29.07.2009		
30.07.2009		
31.07.2009		
01.08.2009		
02.08.2009		
03.08.2009		
04.08.2009		
05.08.2009		
06.08.2009		
07.08.2009		
08.08.2009	86	28
09.08.2009	84	23
10.08.2009	82	22
11.08.2009	92	19
12.08.2009	95	19
13.08.2009	96	19
14.08.2009	93	17
15.08.2009	92,3	20
16.08.2009	92,2	20,3
17.08.2009	94,4	20,4
18.08.2009	93,2	20,5
19.08.2009	93	20,6
20.08.2009	93,4	20,8
21.08.2009	95,1	21
22.08.2009	92	20,8
23.08.2009	92,3	21,3
24.08.2009	91,2	21,1
25.08.2009	92,8	21
26.08.2009	93,7	20,9
27.08.2009	92,9	21,4
28.08.2009	90,3	20,5
29.08.2009	90	20,1
30.08.2009	89,6	19,8
31.08.2009	89,7	19,8
01.09.2009	89,3	19,8
02.09.2009	89,6	20
03.09.2009	90,3	20
04.09.2009	90,9	20,5
05.09.2009	90,9	20,7
06.09.2009	92,5	21,2
07.09.2009	90,6	20,7
08.09.2009	89,3	20,4
09.09.2009	88,8	20,3
10.09.2009	88,6	19,8
11.09.2009	83,7	18,8
12.09.2009	83,6	19
13.09.2009	82,5	19
14.09.2009	81,6	18,4
15.09.2009	85,5	18,9
16.09.2009	85,9	18,7
17.09.2009	88,9	19
18.09.2009	87	19
19.09.2009	88,6	19,9
20.09.2009	88,6	20
21.09.2009	88,8	19,9
22.09.2009	88,4	19,7
23.09.2009	89,7	20,3
24.09.2009	90,3	20,5
25.09.2009	90,4	20,8
26.09.2009	86,3	19,7
27.09.2009	87,3	20,5
28.09.2009	93,9	20,9
29.09.2009	94,8	21,3
30.09.2009	95	22,2
01.10.2009	93	19,1
02.10.2009	92,7	19,1
03.10.2009	92,4	19,1
04.10.2009	91,3	18,9
05.10.2009	91,8	18,6
06.10.2009	91,2	18,4
07.10.2009	88,3	18,2
08.10.2009	88	18
09.10.2009	88,4	18,1
10.10.2009	88,7	18,2
11.10.2009	88,3	17,9
12.10.2009	88,5	17,9
13.10.2009	88,7	17,9
14.10.2009	90	18
15.10.2009	90,2	18
16.10.2009	90,5	18,1
17.10.2009	89,5	17,6
18.10.2009	89,5	17,5
19.10.2009	89,5	17,2
20.10.2009	92,5	17,5
21.10.2009	89,5	16,9
22.10.2009	89,9	17,3
23.10.2009	90,4	18
24.10.2009	90,3	17,9
25.10.2009	89,6	17,7
26.10.2009	90,9	18,1
27.10.2009	91,3	18
28.10.2009	91,9	18,1
29.10.2009	90,2	18,2
30.10.2009	92,7	18,2
31.10.2009	92,9	18,6
01.11.2009	93	17,4
02.11.2009	94,1	18,1
03.11.2009	93,2	17,6
04.11.2009	93,9	18,1
05.11.2009	93,1	18,2
06.11.2009	92,6	18
07.11.2009	93,2	18,3
08.11.2009	93,2	18,2
09.11.2009	91,3	16,9
10.11.2009	93,5	17,9
11.11.2009	93,1	18
12.11.2009	93,5	18
13.11.2009	94,6	18,3
14.11.2009	94,8	18,8
15.11.2009	94,4	18,8
16.11.2009	93,8	18,4
17.11.2009	92,8	18,5
18.11.2009	92,1	18,3
19.11.2009	92,4	18,3
20.11.2009	91,1	18,3
21.11.2009	91,1	17,9
22.11.2009	92,4	17,8
23.11.2009	90,3	18,3
24.11.2009	90,3	18
25.11.2009	90,4	17,7
26.11.2009	89,3	17,9
27.11.2009	88,8	18
28.11.2009	88,5	17,7
29.11.2009	88,7	17,7
30.11.2009	88,9	17,6
01.12.2009	89,3	17,9
02.12.2009	89,8	18,1
03.12.2009	88,2	18
04.12.2009	87,8	17,7
05.12.2009	88,3	18,1
06.12.2009	88,1	18,1
07.12.2009	87,8	18,2
08.12.2009	87,8	18,1
09.12.2009	88,2	18
10.12.2009	88,2	18
11.12.2009	88,3	18,1
12.12.2009	88,5	18,1
13.12.2009	88,4	18,3
14.12.2009	88,1	17,8
15.12.2009	88	17,7
16.12.2009	88,2	18,1
17.12.2009	88,5	17,7
18.12.2009	91,1	19,2
19.12.2009	87,3	18,1
20.12.2009	87,1	18,4
21.12.2009	87,2	18,1
22.12.2009	86,8	18,5
23.12.2009	86,3	18,7
24.12.2009	85,6	18,3
25.12.2009	88,1	18,3
26.12.2009	88,1	18,5
27.12.2009	88,3	18,6
28.12.2009	88,5	18,6
29.12.2009	88,6	18,6
30.12.2009	88,4	18,6
31.12.2009	88,6	18,8
01.01.2010	88,8	18,9
02.01.2010	88,5	18,7
03.01.2010	88,5	18,6
04.01.2010	89,4	18,7
05.01.2010	89,4	18,7
06.01.2010	88,9	19,1
07.01.2010	87,2	18,9
08.01.2010	87,9	18,5
09.01.2010	87,7	18,4
10.01.2010	87,6	18,4
11.01.2010	87,8	18,6
12.01.2010	87,9	18,5
13.01.2010	88,4	18,6
14.01.2010	89,4	18,2
15.01.2010	88,5	18,4
16.01.2010	87,6	18,3
17.01.2010	89,5	18,4
18.01.2010	89,2	19
19.01.2010	87,5	18,9
20.01.2010	87,9	18,9
21.01.2010	88	19,1
22.01.2010	87,9	19,2
23.01.2010	88,4	19,3
24.01.2010	88	19
25.01.2010	88	19,1
26.01.2010	88,7	19,4
27.01.2010	88,3	18,2
28.01.2010	87,8	18,6
29.01.2010	84,8	19,2
30.01.2010	87,7	19,1
31.01.2010	88,1	19,2
01.02.2010	88,6	19,4
02.02.2010	88,2	19,8
03.02.2010	71,6	23
04.02.2010	71,6	22,6
05.02.2010	89,4	17,5
06.02.2010	88,2	18,5
07.02.2010	88,4	18,4
08.02.2010	88,1	19,2
09.02.2010	88,2	18,8
10.02.2010	88,4	19,1
11.02.2010	88,4	19,1
12.02.2010	87,3	19,5
13.02.2010	87,5	19,4
14.02.2010	86	19,1
15.02.2010	87,1	19,1
16.02.2010	87,3	19,5
17.02.2010	86,1	19
18.02.2010	86,5	19,2
19.02.2010	86,5	19,5
20.02.2010	87,4	19,8
21.02.2010	87,4	19,8
22.02.2010	87	19,8
23.02.2010	86,4	19,8
24.02.2010	88,3	20,2
25.02.2010	88,3	20,2
26.02.2010	88,8	20,2
27.02.2010	89	20,5
28.02.2010	88,5	20,4
01.03.2010	88,6	20,6
02.03.2010	89,5	20,6
03.03.2010		
04.03.2010	86,1	18,2
05.03.2010	86,3	17,9
06.03.2010	87	18,5
07.03.2010	87,2	18,6
08.03.2010	87,2	18,6
09.03.2010	87,5	18,5
10.03.2010	87,4	18,6
11.03.2010	87,6	18,7
12.03.2010	87,7	19
13.03.2010	86,5	18,3
14.03.2010	86,7	18,4
15.03.2010	87,2	18,6
16.03.2010	87	18,9
17.03.2010	88,1	18,9
18.03.2010	88,4	19,1
19.03.2010	87	19,3
20.03.2010	86,2	18,8
21.03.2010	86,1	19,1
22.03.2010	87,8	19,3
23.03.2010	87,1	19,3
24.03.2010	90	19,5
25.03.2010	88	19,5
26.03.2010	88,7	19,1
27.03.2010	87,5	18,5
28.03.2010	89,2	18,5
29.03.2010	88,4	19,2
30.03.2010	90,4	19,6
31.03.2010	90,5	19,9
01.04.2010	90,6	20,1
02.04.2010	90,7	20,2
03.04.2010	89	19,8
04.04.2010	88,8	19,7
05.04.2010	88,2	19,3
06.04.2010	88,5	19,6
07.04.2010	88,5	19,8
08.04.2010	88,1	20,1
09.04.2010	88,2	20,1
10.04.2010	88,7	20,2
11.04.2010	89	20,4
12.04.2010	89,1	20,3
13.04.2010	88,8	20
14.04.2010	88,5	20,3
15.04.2010	87,5	19,4
16.04.2010	88,9	19,9
17.04.2010	89,8	20,5
18.04.2010	90,4	20,5
19.04.2010	88,7	20
20.04.2010	87,9	18,2
21.04.2010	85,4	15,3
22.04.2010	87,5	17,7
23.04.2010	87,7	17,7
24.04.2010	87,9	17,8
25.04.2010	87,9	17,7
26.04.2010	87,6	17,6
27.04.2010	87,6	17,3
28.04.2010	87,7	17,7
29.04.2010	87,9	18
30.04.2010	86,2	17,6
01.05.2010	86,1	17,8
02.05.2010	86,2	17,7
03.05.2010	85,5	17
04.05.2010		
05.05.2010		
06.05.2010		
07.05.2010		
08.05.2010		
09.05.2010		
10.05.2010		
11.05.2010		
12.05.2010		
13.05.2010		
14.05.2010		
15.05.2010		
16.05.2010		
17.05.2010		
18.05.2010		
19.05.2010		
20.05.2010		
21.05.2010		
22.05.2010		
23.05.2010		
24.05.2010		
25.05.2010	78,6	25,5
26.05.2010	80	29,7
27.05.2010	79,3	19,2
28.05.2010	89,9	16,1
29.05.2010	86,2	17,7
30.05.2010	89,4	17
31.05.2010	87,5	16,4
01.06.2010	88,7	18,5
02.06.2010	87,7	19,1
03.06.2010	87,7	19
04.06.2010	87,8	19,6
05.06.2010	88,1	19,9
06.06.2010	88,4	19,8
07.06.2010	89,6	17,3
08.06.2010	88,9	18,8
09.06.2010	89,1	19,3
10.06.2010	88,5	19,2
11.06.2010	88,5	19,3
12.06.2010	88,8	19,4
13.06.2010	89,2	19,6
14.06.2010	88,9	19,4
15.06.2010	88,2	19,4
16.06.2010	89,1	19,1
17.06.2010	89,6	19,5
18.06.2010	89,7	19,2
19.06.2010	88,9	19,1
20.06.2010	88,8	19,2
21.06.2010	89,1	19,3
22.06.2010	86,8	19,7
23.06.2010	85,9	19,1
24.06.2010	87,4	19
25.06.2010	86,6	18,8
26.06.2010	84,9	18,5
27.06.2010	87	19
28.06.2010	88,3	19,9
29.06.2010	88,4	20,2
30.06.2010	88,2	19,8
01.07.2010	88,4	20,1
02.07.2010	88,7	19,6
03.07.2010	87,7	19,8
04.07.2010	88	19,9
05.07.2010	88,2	20
06.07.2010	88,1	19,9
07.07.2010	88,8	20,1
08.07.2010	87,2	20,6
09.07.2010	87,5	21
10.07.2010	88,4	21,2
11.07.2010	89,2	21,5
12.07.2010	88,2	21,1
13.07.2010	89,8	21,2
14.07.2010	87,5	20,8
15.07.2010	88	20,8
16.07.2010	87	20,5
17.07.2010	87,4	20,1
18.07.2010	87,1	19,9
19.07.2010	88,1	18,4
20.07.2010	88,9	20,4
21.07.2010	88	21,1
22.07.2010	87,2	21
23.07.2010	87,6	21,5
24.07.2010	88	21,1
25.07.2010	88	21,3
26.07.2010	87,7	21,6
27.07.2010	88,4	21,8
28.07.2010	88,8	21,9
29.07.2010	88,5	21,9
30.07.2010	86,4	21,9
31.07.2010	88	22,2
01.08.2010	88,7	22,4
02.08.2010	89	22,5
03.08.2010	88,6	22,4
04.08.2010	87,6	22,1
05.08.2010	87,9	22,4
06.08.2010	88	22,3
07.08.2010	87,3	21,7
08.08.2010	88,3	21,7
09.08.2010	89,4	22,3
10.08.2010	89,8	22,6
11.08.2010	90,1	22,5
12.08.2010	90,3	22,6
13.08.2010	90,1	22,4
14.08.2010	89,6	22,4
15.08.2010	89,9	22,5
16.08.2010	89,9	22,5
17.08.2010	89,9	22,7
18.08.2010	90	22,6
19.08.2010	89,8	22,4
20.08.2010	90,8	23,3
21.08.2010	89,5	22,8
22.08.2010	89,5	22,8
23.08.2010	88,4	22,8
24.08.2010	88,6	22,5
25.08.2010	88,5	22,1
26.08.2010	89	22
27.08.2010	88,8	22
28.08.2010	89,8	22
29.08.2010	89,4	22,1
30.08.2010	89,8	22,3
31.08.2010	90	22,1
01.09.2010	89,2	22
02.09.2010	88,9	21,9
03.09.2010	88,9	21,8
04.09.2010	89,3	21,7
05.09.2010	90,7	22
06.09.2010	89,4	21,8
07.09.2010	87,7	21,8
08.09.2010	89,9	21,4
09.09.2010	89,8	21,5
10.09.2010	89,9	21,3
11.09.2010	89,4	21,1
12.09.2010	89,3	20,9
13.09.2010	89,8	20,6
14.09.2010	90,1	21,4
15.09.2010	90,9	21
16.09.2010	88,9	21
17.09.2010	88,9	21,2
18.09.2010	89,6	21,7
19.09.2010	89,7	21,4
20.09.2010	89,6	21,7
21.09.2010	88,6	20,9
22.09.2010	89,6	20,5
23.09.2010	89,5	18,7
24.09.2010	89,4	18,7
25.09.2010	88,9	18,5
26.09.2010	89,4	18,5
27.09.2010	89,7	18,8
28.09.2010	88,9	17,2
29.09.2010	89,6	18,4
30.09.2010	87,9	17,3
01.10.2010	89,3	19
02.10.2010	87,9	20,2
03.10.2010	88,4	19,2
04.10.2010	87,9	18,8
05.10.2010	88,8	19,1
06.10.2010	87,3	18,9
07.10.2010	88,7	19
08.10.2010	87,4	19
09.10.2010	88,1	19
10.10.2010		
11.10.2010	88,5	20,2
12.10.2010	88,5	18,7
13.10.2010	87,7	19,2
14.10.2010	88,2	19,7
15.10.2010	87,5	19,6
16.10.2010	87,4	19,7
17.10.2010	87,5	19,9
18.10.2010	87,2	20,1
19.10.2010	87,2	19,9
20.10.2010	91,1	19,5
21.10.2010	87,9	19
22.10.2010	89,1	19
23.10.2010	87,7	19,1
24.10.2010	89,6	19,4
25.10.2010	90,2	19,5
26.10.2010	89,6	19,8
27.10.2010	89,7	19,9
28.10.2010	89,7	19,7
29.10.2010	85,6	19,1
30.10.2010	90,9	20,2
31.10.2010	90,8	20,2
01.11.2010	89,8	20,1
02.11.2010	90,1	20,2
03.11.2010	89,1	20,5
04.11.2010	89,4	20,6
05.11.2010	89,6	20,5
06.11.2010	89,7	20,8
07.11.2010	88,3	19,4
08.11.2010	87,9	18,8
09.11.2010	91,1	18,9
10.11.2010	87,4	18,9
11.11.2010	87,3	18,4
12.11.2010	87	18,8
13.11.2010	87	18,8
14.11.2010	87,1	18,8
15.11.2010	86,7	18,2
16.11.2010	87	18,8
17.11.2010	89,1	19,3
18.11.2010	88,9	19,2
19.11.2010	88,7	19,2
20.11.2010	88,4	18,9
21.11.2010	88,6	19,4
22.11.2010	88,3	19,3
23.11.2010	88,5	19,5
24.11.2010	88,6	19,3
25.11.2010	88,3	19,4
26.11.2010	88,7	19,4
27.11.2010	89	19,4
28.11.2010	89,2	19,6
29.11.2010	89,4	19,5
30.11.2010	89,2	19,8
01.12.2010	89,7	19,8
02.12.2010	89,9	19,6
03.12.2010	90,5	19,8
04.12.2010	90,3	20
05.12.2010	88,7	19,6
06.12.2010	88,8	19,7
07.12.2010	87,3	19,4
08.12.2010	87,1	19,6
09.12.2010	87,3	19,2
10.12.2010	86,2	18,7
11.12.2010	85,9	18,2
12.12.2010	86,4	18,5
13.12.2010	86,6	18,9
14.12.2010	86,8	18,6
15.12.2010	85,9	18,4
16.12.2010	85,6	18,2
17.12.2010	86,1	18,2
18.12.2010	86	18,2
19.12.2010	86,1	18,6
20.12.2010	86,8	18,6
21.12.2010	87,1	18,8
22.12.2010	87,1	18,7
23.12.2010	86,9	19,1
24.12.2010	87	18,9
25.12.2010	87,1	19
26.12.2010	87,2	18,9
27.12.2010	86,8	18,9
28.12.2010	87,2	18,9
29.12.2010	87	18,9
30.12.2010	87,4	19,1
31.12.2010	87,5	19
01.01.2011	82,8	17,8
02.01.2011	88	19
03.01.2011	88,2	19,5
04.01.2011	86,6	20
05.01.2011	88,6	20,3
06.01.2011	88,7	20,2
07.01.2011	88,7	20,4
08.01.2011	88,8	20,6
09.01.2011	89	20,6
10.01.2011	89,1	20,8
11.01.2011	87,6	20,4
12.01.2011	88,4	20,6
13.01.2011	87,8	20,6
14.01.2011	87,9	20,6
15.01.2011	88	20,7
16.01.2011	88,2	20,2
17.01.2011	89	20,8
18.01.2011	88,7	20,6
19.01.2011	88,7	20,7
20.01.2011	88,8	20,8
21.01.2011	88,9	20,7
22.01.2011	89,1	20,8
23.01.2011	89,1	20,8
24.01.2011	89,4	20,8
25.01.2011	89,6	20,9
26.01.2011	89,6	20,9
27.01.2011	89,4	21,1
28.01.2011	89,2	20,8
29.01.2011	89,2	20,8
30.01.2011	89	20,7
31.01.2011	89,2	20,8
01.02.2011	89,1	20,9
02.02.2011	88,6	20,9
03.02.2011	88	20,2
04.02.2011	87,8	20,4
05.02.2011	88,8	20,7
06.02.2011	88,7	20,2
07.02.2011	88,7	20,3
08.02.2011	88,8	20,3
09.02.2011	88,9	20,5
10.02.2011	88,5	20,9
11.02.2011	88,7	20,9
12.02.2011	88,2	20,7
13.02.2011	88,3	20,8
14.02.2011	88,5	21,2
15.02.2011	89,2	21,7
16.02.2011	87,4	21,1
17.02.2011	88,8	21,8
18.02.2011	89	21,5
19.02.2011	89,6	22,2
20.02.2011	88,4	22,2
21.02.2011	88,7	22
22.02.2011	88,5	21,9
23.02.2011	88,7	22,1
24.02.2011	89,2	21,9
25.02.2011	89,8	22,4
26.02.2011	90	22,5
27.02.2011	89,8	22,3
28.02.2011	89,7	22,3
01.03.2011	90	22,3
02.03.2011	90,1	22,2
03.03.2011	90,6	22,4
04.03.2011	89,7	22,4
05.03.2011	90,2	22,6
06.03.2011	90,5	22,8
07.03.2011	90,4	22,6
08.03.2011	90,1	22,8
09.03.2011	90,6	23,1
10.03.2011	90,8	22,8
11.03.2011	90,7	23,2
12.03.2011	90,4	23
13.03.2011	90,5	23,1
14.03.2011	91,3	23,4
15.03.2011	90,6	22,9
16.03.2011	90,7	23
17.03.2011	91,1	23
18.03.2011	89	21,5
19.03.2011	89,2	21,5
20.03.2011	89,2	21,4
21.03.2011	88,3	20,9
22.03.2011	88	21,2
23.03.2011	89,7	21,2
24.03.2011	89	21,3
25.03.2011	89	20,9
26.03.2011	88,9	20,9
27.03.2011	88,6	21
28.03.2011	88,7	20,9
29.03.2011	88,8	21,1
30.03.2011	88,8	21,1
31.03.2011	88,8	21,4
01.04.2011	89,2	21,3
02.04.2011	88,2	21,3
03.04.2011	88,2	21,1
04.04.2011	88,1	21,1
05.04.2011	88	20,9
06.04.2011	88,2	21,3
07.04.2011	88,6	21,5
08.04.2011	89,1	21,6
09.04.2011	89,1	21,5
10.04.2011	88,7	21,3
11.04.2011	88,5	21,4
12.04.2011	88,5	21,6
13.04.2011	88,9	21,8
14.04.2011	88,9	21,8
15.04.2011	88,9	21,4
16.04.2011	88,8	21
17.04.2011	88,3	21,1
18.04.2011	88,4	20,8
19.04.2011	88,5	20,5
20.04.2011	87,6	20,2
21.04.2011	87,8	20
22.04.2011	89,1	20,6
23.04.2011	89,1	20,5
24.04.2011	89,3	20,9
25.04.2011	89,4	20,9
26.04.2011	89,5	21
27.04.2011	89,7	21,4
28.04.2011	89,8	21,6
29.04.2011	89,9	21,6
30.04.2011	88,4	21,1
01.05.2011	88,6	21,2
02.05.2011	88,4	20,8
03.05.2011	88,5	20,9
04.05.2011	88,6	21,3
05.05.2011	88,8	21,4
06.05.2011	88,6	20,9
07.05.2011	88,5	21
08.05.2011	88,8	21,4
09.05.2011	89,2	21,7
10.05.2011	89,3	21,6
11.05.2011	88,4	21,8
12.05.2011	88,8	21,8
13.05.2011	88,8	22
14.05.2011	88,6	22
15.05.2011	88,2	21,7
16.05.2011	88,7	22
17.05.2011	88,9	22,3
18.05.2011	89,6	22,7
19.05.2011	89,8	22,9
20.05.2011	89,7	23,1
21.05.2011	89	22,5
22.05.2011	87,2	22,1
23.05.2011	89,7	22,3
24.05.2011	90,1	22,9
25.05.2011	89,1	23,1
26.05.2011	89,5	23,3
27.05.2011	89,6	23,4
28.05.2011	89,9	23,8
29.05.2011	90,2	24,1
30.05.2011	90,4	24,3
31.05.2011	90,7	24,7
01.06.2011	89,9	24,5
02.06.2011	90,3	24,6
03.06.2011	91,2	25,2
04.06.2011	92,3	25,4
05.06.2011	90,7	25,5
06.06.2011	91,6	25,4
07.06.2011	90	25,7
08.06.2011	89,6	26,1
09.06.2011	89,5	25,9
10.06.2011	89	25,7
11.06.2011	88,9	25,5
12.06.2011	88,7	25,1
13.06.2011	90	25,3
14.06.2011	89,7	25,2
15.06.2011	89,7	25,4
16.06.2011	90,4	25,7
17.06.2011	90,7	25,8
18.06.2011	90,8	26,2
19.06.2011	91,1	26,2
20.06.2011	91,8	26,8
21.06.2011	91,2	27,4
22.06.2011	91,6	27,4
23.06.2011	91,7	27,6
24.06.2011	91,3	26,7
25.06.2011	91,6	27,1
26.06.2011	91,2	27,3
27.06.2011	91,8	26,5
28.06.2011	91,4	25,7
29.06.2011	91,9	25,9
30.06.2011	90	25,8
01.07.2011	90,5	26,9
02.07.2011	90,3	26
03.07.2011	91	26,2
04.07.2011	91	26,4
05.07.2011	91,3	26,6
06.07.2011	91	26,7
07.07.2011	92,1	27,1
08.07.2011	92,2	27
09.07.2011	90,7	26,6
10.07.2011	90,2	26,8
11.07.2011	90,2	26,5
12.07.2011	90,8	26,2
13.07.2011	90,5	26,5
14.07.2011	91,1	26,3
15.07.2011	90,8	26,6
16.07.2011	90,3	26,7
17.07.2011	90,2	26,7
18.07.2011	90,8	26,4
19.07.2011	89,5	26,3
20.07.2011	89,6	26,4
21.07.2011	90	26,6
22.07.2011	90,2	26,7
23.07.2011	92	27
24.07.2011	92,1	26,7
25.07.2011	91,3	26,6
26.07.2011	92,3	28,3
27.07.2011	92,3	28,5
28.07.2011	93	28,8
29.07.2011	92,8	29
30.07.2011	92,5	29
31.07.2011	92,8	29,1
01.08.2011		
02.08.2011		
03.08.2011		
04.08.2011		
05.08.2011		
06.08.2011		
07.08.2011		
08.08.2011		
09.08.2011		
10.08.2011		
11.08.2011		
12.08.2011		
13.08.2011		
14.08.2011		
15.08.2011		
16.08.2011	80,7	27,1
17.08.2011	86,3	26,8
18.08.2011	78,9	19,9
19.08.2011	83,1	17,5
20.08.2011	86,9	17,6
21.08.2011	85,4	17,9
22.08.2011	84,8	18
23.08.2011	87,3	20,2
24.08.2011	88,4	19,6
25.08.2011	89,1	17,9
26.08.2011	86,5	17,8
27.08.2011	88,9	18,2
28.08.2011	88,5	17,8
29.08.2011	88,6	18,2
30.08.2011	89,3	18,4
31.08.2011	88,9	18,2
01.09.2011	88,9	21
02.09.2011	92	22,5
03.09.2011	91,5	22,6
04.09.2011	90,1	23,5
05.09.2011	92,6	23,8
06.09.2011	93	24,1
07.09.2011	93,2	24,4
08.09.2011	93,1	24,4
09.09.2011	92,1	24,2
10.09.2011	92,2	24,4
11.09.2011	92,5	24,7
12.09.2011	93	24,8
13.09.2011	94,4	25,93
14.09.2011	92,5	24,4
15.09.2011	92,7	24,9
16.09.2011	92,9	24,9
17.09.2011	93,2	25
18.09.2011	93,3	25,3
19.09.2011	93,3	24,9
20.09.2011	93,2	25
21.09.2011	92,9	25
22.09.2011	92,9	25
23.09.2011	93,5	25
24.09.2011	91,9	25,3
25.09.2011	93,1	25
26.09.2011	93,7	25,2
27.09.2011	94,2	25,3
28.09.2011	94	25,4
29.09.2011	91	23,8
30.09.2011	91,5	23,8
01.10.2011	92,7	24,6
02.10.2011	94	24,7
03.10.2011	94,1	24,6
04.10.2011	93,8	24,6
05.10.2011	91,8	24,6
06.10.2011	92,1	24,4
07.10.2011	92,3	24
08.10.2011	92,5	24,4
09.10.2011	92,8	24,4
10.10.2011	92,3	24,2
11.10.2011	91,6	23,5
12.10.2011	92,7	23,8
13.10.2011	93	24,3
14.10.2011	93,5	24,4
15.10.2011	93,8	24,7
16.10.2011	94,2	24,8
17.10.2011	94,4	26,3
18.10.2011	92,6	25,4
19.10.2011	92,4	23,9
20.10.2011	93,3	22,7
21.10.2011	94	23,3
22.10.2011	94,4	23,5
23.10.2011	93,2	23,1
24.10.2011	93,2	23,3
25.10.2011	90,6	23
26.10.2011	93,9	23,1
27.10.2011	93,6	23,3
28.10.2011	93,6	23,2
29.10.2011	93,9	23,2
30.10.2011	93,9	23,4
31.10.2011	93,9	23,4
01.11.2011	92,8	22,6
02.11.2011	92,8	23
03.11.2011	93,2	22,8
04.11.2011	92,3	22,3
05.11.2011	92,6	22,3
06.11.2011	93	22,5
07.11.2011	93,8	22,7
08.11.2011	93,4	22,9
09.11.2011	92,9	23,2
10.11.2011	93,3	22,5
11.11.2011	92,7	23,5
12.11.2011	92,8	22,8
13.11.2011	93	23,1
14.11.2011	93,5	22,6
15.11.2011	93,7	22,8
16.11.2011	93,7	22,7
17.11.2011	94	23,2
18.11.2011	92,9	23,3
19.11.2011	93,3	23,2
20.11.2011	93,6	22,9
21.11.2011	93,4	22,8
22.11.2011	94	22,8
23.11.2011	93	22,8
24.11.2011	93,6	23,2
25.11.2011	93,6	22,7
26.11.2011	94,1	22,9
27.11.2011	94,9	23,4
28.11.2011	93,8	22,9
29.11.2011	93,9	23,1
30.11.2011	92,2	23,2
01.12.2011	91,5	23,1
02.12.2011	91,4	22,9
03.12.2011	91,3	22,5
04.12.2011	91,8	22,4
05.12.2011	92,2	22,6
06.12.2011	92,9	22,8
07.12.2011	93,8	24
08.12.2011	93,8	24,2
09.12.2011	93,9	24,4
10.12.2011	91,1	23,2
11.12.2011	91,2	22,8
12.12.2011	91,1	22,7
13.12.2011	90,1	22,5
14.12.2011	90	22,4
15.12.2011	90,3	22,5
16.12.2011	90,7	22,6
17.12.2011	91,3	23,1
18.12.2011	91,5	23,4
19.12.2011	91,7	23,4
20.12.2011	92	23,3
21.12.2011	91,8	23,3
22.12.2011	92,1	23,6
23.12.2011	92,3	23,8
24.12.2011	92	23,6
25.12.2011	92,1	23,3
26.12.2011	89,2	23,8
27.12.2011	90,1	23,3
28.12.2011	90,1	23,5
29.12.2011	90,5	23,7
30.12.2011	90,4	23,8
31.12.2011	90,4	23,8
01.01.2012	88,5	24,6
02.01.2012	89,4	23,8
03.01.2012	89,3	23,6
04.01.2012	89,1	23,6
05.01.2012	89,1	23,5
06.01.2012	89,2	23,7
07.01.2012	89,6	23,7
08.01.2012	90	23,7
09.01.2012	90,1	23,7
10.01.2012	90	23,8
11.01.2012	90,1	23,9
12.01.2012	90	24
13.01.2012	90,6	24,4
14.01.2012	90,5	24,3
15.01.2012	90,4	24,3
16.01.2012	90,3	24,4
17.01.2012	91,2	24,6
18.01.2012	91,1	24,5
19.01.2012	91,1	24,4
20.01.2012	91,2	24,5
21.01.2012	91,3	24,6
22.01.2012	91,4	24,7
23.01.2012	91,5	24,8
24.01.2012	91,5	24,8
25.01.2012	91,6	25
26.01.2012	92	25
27.01.2012	91,9	24,8
28.01.2012	90,9	24,8
29.01.2012	91,1	24,8
30.01.2012	91,2	25
31.01.2012	88,8	25
01.02.2012	91,9	25,3
02.02.2012	91,8	25,1
03.02.2012	92	25,4
04.02.2012	91,8	25,2
05.02.2012	91,8	25,3
06.02.2012	91,5	25,3
07.02.2012	91,3	25,3
08.02.2012	91,7	25,1
09.02.2012	91,5	25,3
10.02.2012	91,8	25,3
11.02.2012	92,2	25,2
12.02.2012	92,4	25,5
13.02.2012	92,1	25,4
14.02.2012	92,1	25,1
15.02.2012	92	25,2
16.02.2012	92,1	25
17.02.2012	92,3	25,5
18.02.2012	92,7	25,8
19.02.2012	92,8	25,8
20.02.2012	92,5	25,7
21.02.2012	91,6	25,5
22.02.2012	91	25
23.02.2012	90,9	24,8
24.02.2012	91,1	25,1
25.02.2012	90,9	25
26.02.2012	90,8	25
27.02.2012	91	24,9
28.02.2012	91,1	24,8
29.02.2012		
01.03.2012	88,6	25,5
02.03.2012	91,8	25,3
03.03.2012	91,7	25,3
04.03.2012	92,2	25,4
05.03.2012	92,2	25,1
06.03.2012	92,6	25,5
07.03.2012	92,8	25,7
08.03.2012	92,5	25,9
09.03.2012	92,8	25,9
10.03.2012	92,9	25,9
11.03.2012	92,8	25,7
12.03.2012	92,9	25,8
13.03.2012	93	25,9
14.03.2012	92,9	25,9
15.03.2012	93	26
16.03.2012	93,3	25,9
17.03.2012	93,4	25,9
18.03.2012	93,2	25,8
19.03.2012	93,1	26,1
20.03.2012	92,9	25,9
21.03.2012	92,6	25,8
22.03.2012	92,7	25,8
23.03.2012	92,9	25,6
24.03.2012	93,4	25,9
25.03.2012	93,5	26,1
26.03.2012	93	26,1
27.03.2012	89,7	24,8
28.03.2012	92,2	24,6
29.03.2012	93,1	24,9
30.03.2012	93,1	24,9
31.03.2012	93,3	25,1
01.04.2012	93,6	25,1
02.04.2012	93,7	25
03.04.2012	93,8	25
04.04.2012	93,4	26,2
05.04.2012	92,3	25,5
06.04.2012	92,2	25,8
07.04.2012	92,2	25,6
08.04.2012	92,5	25,8
09.04.2012	92,7	25,9
10.04.2012	92,6	25,1
11.04.2012	92,4	25,7
12.04.2012	92,6	25,9
13.04.2012	92,7	26
14.04.2012	92,8	26,1
15.04.2012	92	25,4
16.04.2012	92,7	25,7
17.04.2012	93,1	26,4
18.04.2012	93,3	26
19.04.2012	93,6	26,4
20.04.2012	93,6	26
21.04.2012	93,4	27
22.04.2012	94,1	26,4
23.04.2012	94,6	27
24.04.2012	92,8	27,3
25.04.2012	93,2	27,8
26.04.2012	93,5	27,8
27.04.2012	93,4	27,9
28.04.2012	94,2	28,2
29.04.2012	93	25,9
30.04.2012	93,2	26
01.05.2012	93,6	26,2
02.05.2012	93,9	26,4
03.05.2012	93,6	25,8
04.05.2012	93,5	26,8
05.05.2012	93,7	27
06.05.2012	93,4	27,1
07.05.2012	93,7	27,4
08.05.2012	94	27,5
09.05.2012	92,1	27,3
10.05.2012	94,3	27,9
11.05.2012	94	27,6
12.05.2012	94,7	27,5
13.05.2012	93,9	26,3
14.05.2012	93,6	25,9
15.05.2012	93,1	26
16.05.2012	91,8	26,4
17.05.2012	93,3	26,2
18.05.2012	90,1	27,1
19.05.2012	94,7	26,5
20.05.2012	94,7	26,8
21.05.2012	95,4	26,9
22.05.2012	95,3	26,6
23.05.2012	95,2	26,6
24.05.2012	95	26,5
25.05.2012	95,4	26,8
26.05.2012	96	27
27.05.2012	96	26,9
28.05.2012	96,3	26,9
29.05.2012	97,1	27,6
30.05.2012	96,5	27,6
31.05.2012	97	28,2
01.06.2012	98	29
02.06.2012	98,3	28,6
03.06.2012	98,5	28,6
04.06.2012	97	28,7
05.06.2012	97,3	28,9
06.06.2012	97	29
07.06.2012	98,4	29,4
08.06.2012	99	29,4
09.06.2012	101,4	30
10.06.2012	103,7	31
11.06.2012	102,8	31,3
12.06.2012	101,7	31,7
13.06.2012	101,6	31,8
14.06.2012	102,1	32,2
15.06.2012	103,1	32,3
16.06.2012	102,5	32
17.06.2012	101,7	31,9
18.06.2012	101,7	31,9
19.06.2012	101,4	31,2
20.06.2012	99	31,5
21.06.2012	99,4	31,8
22.06.2012	101,7	32,5
23.06.2012	101,6	32,3
24.06.2012	100,2	31,9
25.06.2012	100,6	31,3
26.06.2012	101,6	32,1
27.06.2012	101,6	32,3
28.06.2012	102	32,7
29.06.2012	100,9	32,9
30.06.2012	101,5	33
01.07.2012	102,3	33,3
02.07.2012	102,3	33,2
03.07.2012	102,1	33,1
04.07.2012	101,8	33,1
05.07.2012	102,7	33,2
06.07.2012	103	32,7
07.07.2012	102,7	32,7
08.07.2012	102,5	32,8
09.07.2012	102,8	32,8
10.07.2012	103	32,6
11.07.2012	102,3	32,8
12.07.2012	102,5	32,8
13.07.2012	101,6	33,1
14.07.2012	100,8	33,4
15.07.2012	101,2	33,1
16.07.2012	102,1	33,1
17.07.2012	102,6	33,8
18.07.2012	103	33,9
19.07.2012	100,1	32,2
20.07.2012	101,1	32,4
21.07.2012	100,8	31,8
22.07.2012	104,3	31,8
23.07.2012	99,7	31,5
24.07.2012	99,1	31,2
25.07.2012	99,1	31,3
26.07.2012	98,8	31,2
27.07.2012	99	31,2
28.07.2012	99,2	31,3
29.07.2012	98,5	30,9
30.07.2012	98,7	31,1
31.07.2012	98,2	31
01.08.2012	97,5	31,7
02.08.2012	97,8	32
03.08.2012	97,8	31,9
04.08.2012	97,5	32
05.08.2012		
06.08.2012		
07.08.2012		
08.08.2012		
09.08.2012		
10.08.2012		
11.08.2012		
12.08.2012		
13.08.2012		
14.08.2012		
15.08.2012		
16.08.2012		
17.08.2012		
18.08.2012		
19.08.2012		
20.08.2012		
21.08.2012		
22.08.2012		
23.08.2012		
24.08.2012	72,8	25,5
25.08.2012	81,3	26,1
26.08.2012	87,3	23,8
27.08.2012	84,5	24,9
28.08.2012	87,9	26,4
29.08.2012	89,7	25,4
30.08.2012	90,2	25,5
31.08.2012	86,1	26
01.09.2012	90,7	25,6
02.09.2012	91,1	25,9
03.09.2012	90,8	25,9
04.09.2012	90,7	26,4
05.09.2012	90,4	26,7
06.09.2012	94,3	27,3
07.09.2012	94,9	27,5
08.09.2012	96,1	27,9
09.09.2012	96	27,8
10.09.2012	95,7	28,2
11.09.2012	95,7	28,2
12.09.2012	96	28,4
13.09.2012	95,7	28,4
14.09.2012	95,7	28,3
15.09.2012	95,9	28,2
16.09.2012	96	28,4
17.09.2012	96,1	28,7
18.09.2012	96,1	28
19.09.2012	96	27,5
20.09.2012	96	27,6
21.09.2012	94,9	27,1
22.09.2012	95,6	26,6
23.09.2012	95,3	26,6
24.09.2012	94,4	26,4
25.09.2012	94,7	26
26.09.2012	94,5	25,4
27.09.2012	94,6	25,7
28.09.2012	94,6	25,6
29.09.2012	95,4	26,2
30.09.2012	95,6	25,1
01.10.2012	94,4	25,9
02.10.2012	95,2	26,7
03.10.2012	97,6	26,7
04.10.2012	97,6	27,2
05.10.2012	98,8	28,1
06.10.2012	99	27,9
07.10.2012	98,3	27,8
08.10.2012	101,4	27,8
09.10.2012	94,4	26,2
10.10.2012	100,2	28,1
11.10.2012	99,2	27,8
12.10.2012	100	28,6
13.10.2012	100	29
14.10.2012	99,9	29,1
15.10.2012	99,7	28,8
16.10.2012	99,1	29,1
17.10.2012	100	29,1
18.10.2012	99,8	28,7
19.10.2012	100	28,5
20.10.2012	99,9	28,8
21.10.2012	99,8	28,7
22.10.2012	93,2	26,3
23.10.2012	92,8	26,4
24.10.2012	93	26,4
25.10.2012	93,7	26,5
26.10.2012	100	27,8
27.10.2012	101,2	28,4
28.10.2012	99,5	28,6
29.10.2012	99	28,5
30.10.2012	95,4	27,9
31.10.2012	95,3	27,6
01.11.2012	95,3	27,7
02.11.2012	95,1	27,5
03.11.2012	95,5	27,8
04.11.2012	93,2	24,6
05.11.2012	90,3	23,3
06.11.2012	90	24,8
07.11.2012	93,3	25,2
08.11.2012	93	25
09.11.2012	93,4	25,5
10.11.2012	92,2	25,9
11.11.2012	92,2	25,6
12.11.2012	92,5	25,5
13.11.2012	92,2	25,3
14.11.2012	92,7	25,4
15.11.2012	92,7	25,4
16.11.2012	90,3	24,7
17.11.2012	95,6	25,3
18.11.2012	95,7	25,8
19.11.2012	95,6	25,2
20.11.2012	96,4	26,2
21.11.2012	96,3	25,8
22.11.2012	91,7	25,4
23.11.2012	91,9	25,1
24.11.2012	91,7	23,7
25.11.2012	88,5	23,1
26.11.2012	92,2	23,7
27.11.2012	92,4	23,9
28.11.2012	90,4	23,2
29.11.2012	91,5	23,4
30.11.2012	90,3	23,8
01.12.2012	90,8	23,6
02.12.2012	91,5	23,8
03.12.2012	91,7	23,9
04.12.2012	91,4	23,8
05.12.2012	91,4	23,1
06.12.2012	92,8	24
07.12.2012	91,7	23,8
08.12.2012	90,2	23,3
09.12.2012	90	23,8
10.12.2012	90,1	23,54
11.12.2012	90,2	23,4
12.12.2012	92,4	24,5
13.12.2012	93,9	25,3
14.12.2012	94	25,4
15.12.2012	94,1	25,4
16.12.2012	90,9	23,2
17.12.2012	91,4	24
18.12.2012	91,4	23,7
19.12.2012	91,1	23,9
20.12.2012	91,2	24,1
21.12.2012	91,1	24,4
22.12.2012	89,7	23,7
23.12.2012	89,8	23,9
24.12.2012	90,1	23,9
25.12.2012	90,1	23,3
26.12.2012	88,9	23,1
27.12.2012	90,4	22,6
28.12.2012	90,2	23,2
29.12.2012	91,4	23
30.12.2012	91,5	22
31.12.2012	91,7	22,7
01.01.2013	91,6	23,2
02.01.2013	91,1	23,1
03.01.2013	91,1	22,9
04.01.2013	90,6	23,1
05.01.2013	90,7	22,8
06.01.2013	90,8	22,9
07.01.2013	90,9	22,9
08.01.2013	91	23,2
09.01.2013	91,1	23,3
10.01.2013	91,3	23,4
11.01.2013	92,1	22,8
12.01.2013	92,2	23
13.01.2013	90,5	23
14.01.2013	89,7	22,7
15.01.2013	89,7	22,8
16.01.2013	89,8	22,9
17.01.2013	90,4	23,7
18.01.2013	90,3	23,5
19.01.2013	90,2	23,2
20.01.2013	90,4	23,1
21.01.2013	88,9	23,1
22.01.2013	91,7	24,1
23.01.2013	93,2	24,9
24.01.2013	93	24,6
25.01.2013	91,7	24,5
26.01.2013	91,8	24,7
27.01.2013	91,7	24,7
28.01.2013	91,7	24,6
29.01.2013	91,8	24,8
30.01.2013	91,9	24,7
31.01.2013	92,3	25
01.02.2013	93,7	25,2
02.02.2013	94,1	25,4
03.02.2013	94,6	25,4
04.02.2013	94,6	25,4
05.02.2013	93,9	24,9
06.02.2013	94	24,8
07.02.2013	94,2	25,1
08.02.2013	94,3	25,4
09.02.2013	95,6	25,5
10.02.2013	94,8	25
11.02.2013	94,9	24,9
12.02.2013	96,5	25,7
13.02.2013	97,6	25,3
14.02.2013	97,1	25,5
15.02.2013	97,3	25,8
16.02.2013	97,5	26
17.02.2013	97	25,9
18.02.2013	96,7	25,9
19.02.2013	97	25,3
20.02.2013	96,8	25,4
21.02.2013	96,8	25,7
22.02.2013	96,7	25,7
23.02.2013	96,6	25,7
24.02.2013	97	25,7
25.02.2013	94,7	25,5
26.02.2013	94,9	25
27.02.2013	94	25,2
28.02.2013	93,9	25
01.03.2013	94,4	25
02.03.2013	94,5	25,3
03.03.2013	93,7	25,3
04.03.2013	93,6	25
05.03.2013	94,1	25,4
06.03.2013	94,4	25,5
07.03.2013	93,5	25,5
08.03.2013	94	25,5
09.03.2013	94	25,3
10.03.2013	93,9	25,3
11.03.2013	90,9	24,5
12.03.2013	92,6	24,7
13.03.2013	91,8	25,1
14.03.2013	91,9	25,2
15.03.2013	91,8	25,2
16.03.2013	92	25
17.03.2013	92,1	25
18.03.2013	92,2	24,6
19.03.2013	92,2	25
20.03.2013	92,2	25,2
21.03.2013	92,2	25,2
22.03.2013	92,5	25,3
23.03.2013	92,7	25,4
24.03.2013	92,7	25,1
25.03.2013	93,8	25,7
26.03.2013	93,2	25,5
27.03.2013	92,3	25,3
28.03.2013	92,5	25,6
29.03.2013	87,9	24,1
30.03.2013	92,7	25,5
31.03.2013	92,7	25,1
01.04.2013	95,7	25,7
02.04.2013	95,4	26
03.04.2013	93,1	25
04.04.2013	94,6	25,4
05.04.2013	94,8	25,6
06.04.2013	95	25,5
07.04.2013	95,3	25,4
08.04.2013	95,2	25,8
09.04.2013	94	26,4
10.04.2013	92,7	26,6
11.04.2013	89	23,5
12.04.2013	87	20,2
13.04.2013	86,8	20,1
14.04.2013	84,6	19,5
15.04.2013	87,7	20,3
16.04.2013	87,6	20,6
17.04.2013	88,3	20
18.04.2013	88,3	20,8
19.04.2013	88,5	20,7
20.04.2013	88,1	20
21.04.2013	89,2	20,9
22.04.2013	88,5	20,7
23.04.2013	91,1	21,2
24.04.2013	89,8	20,4
25.04.2013	89,3	20
26.04.2013	89,2	20,3
27.04.2013	89,3	20,4
28.04.2013	88,6	20,2
29.04.2013	85,5	18,6
30.04.2013	85,6	18,5
01.05.2013	83	19,2
02.05.2013	83	19,7
03.05.2013	83,2	19,9
04.05.2013	82,5	19,7
05.05.2013	83,4	19,9
06.05.2013	83,8	19,9
07.05.2013	83,9	19,8
08.05.2013	83,4	19,8
09.05.2013	82,8	19,5
10.05.2013	82,9	19,6
11.05.2013	83,3	19,8
12.05.2013	83,3	20,1
13.05.2013	83,9	20,4
14.05.2013	83,7	20
15.05.2013	84,1	19,9
16.05.2013	85,2	20,3
17.05.2013	84,2	20,4
18.05.2013	83,8	20,5
19.05.2013	84,2	20,4
20.05.2013	84,6	20,8
21.05.2013	87,1	21,1
22.05.2013	86,3	20,9
23.05.2013	85,3	20,8
24.05.2013	84,1	20,9
25.05.2013	81,7	20,4
26.05.2013	85,7	21,4
27.05.2013	84,1	20,9
28.05.2013	82,7	20,6
29.05.2013	81,9	20,4
30.05.2013	79,5	19,9
31.05.2013	80,2	19,3
01.06.2013	81,2	19,4
02.06.2013	82,9	19,9
03.06.2013	81,4	19,4
04.06.2013	81,8	20,1
05.06.2013	82,7	20,4
06.06.2013	83,4	21,2
07.06.2013	84,6	21,6
08.06.2013	86,5	22,1
09.06.2013	87,3	22,6
10.06.2013	87,4	23,1
11.06.2013	88	23,5
12.06.2013	87,9	23,3
13.06.2013	84,8	22,7
14.06.2013	83,1	22,3
15.06.2013	83,9	22,6
16.06.2013	80,4	22,3
17.06.2013	81,8	22,8
18.06.2013	82,4	23,4
19.06.2013	83,4	24
20.06.2013	84,3	24,1
21.06.2013	81,8	20,2
22.06.2013	78,8	20,4
23.06.2013	83,2	20,8
24.06.2013	84,8	21,1
25.06.2013	81,7	20,7
26.06.2013	81,9	20,6
27.06.2013	81,7	20,1
28.06.2013	83,5	18,5
29.06.2013	84,6	19,7
30.06.2013	85,4	20,3
01.07.2013	85,4	20,8
02.07.2013	85,3	21,2
03.07.2013	84,5	22,4
04.07.2013	85,1	23,1
05.07.2013	84,8	23,3
06.07.2013	86,1	24
07.07.2013	85,8	23,9
08.07.2013	86,6	23,9
09.07.2013	87,3	24,5
10.07.2013	88,6	25,2
11.07.2013	88	23,2
12.07.2013	88,2	23,4
13.07.2013	89,1	23,7
14.07.2013	89	23,4
15.07.2013	88,5	23,9
16.07.2013	88,3	23,8
17.07.2013	88,9	24,6
18.07.2013	89,3	25
19.07.2013	89,2	25,6
20.07.2013	90	26,1
21.07.2013	90,9	26,7
22.07.2013	90,9	26,9
23.07.2013	91,1	27,1
24.07.2013	91,2	27,4
25.07.2013	91	27,1
26.07.2013	91,3	27,3
27.07.2013	93,1	28,1
28.07.2013	93,2	28,2
29.07.2013	92,6	27,9
30.07.2013	92,4	27,9
31.07.2013		
01.08.2013		
02.08.2013		
03.08.2013		
04.08.2013		
05.08.2013		
06.08.2013		
07.08.2013		
08.08.2013	88,3	20,7
09.08.2013	82,4	20,9
10.08.2013	92,4	22,4
11.08.2013	92	23,6
12.08.2013	91,4	24,3
13.08.2013	90,9	24,8
14.08.2013	90,8	24,5
15.08.2013	93	25,1
16.08.2013	92,8	25
17.08.2013	91,9	25,3
18.08.2013	93	25,6
19.08.2013	93,4	25,7
20.08.2013	93,1	25,8
21.08.2013	93,2	26,1
22.08.2013	93,3	27
23.08.2013	93,5	26,7
24.08.2013	93,9	26,8
25.08.2013	94,4	26,9
26.08.2013	93,9	27,2
27.08.2013	94,3	27,3
28.08.2013	93,6	26,7
29.08.2013	92,9	26,7
30.08.2013	94,3	27,9
31.08.2013	94	28
01.09.2013	94,4	28,1
02.09.2013	94	28,4
03.09.2013	93	25,8
04.09.2013	94,2	26,4
05.09.2013	93,7	26,4
06.09.2013	92,8	26,1
07.09.2013	93,2	26,4
08.09.2013	93,1	26,3
09.09.2013	93,1	26,4
10.09.2013	92,2	26,9
11.09.2013	92,7	27,3
12.09.2013	93,4	27,6
13.09.2013	92,8	27,8
14.09.2013	92,3	27,3
15.09.2013	92,2	27,9
16.09.2013	93,2	28
17.09.2013	92,9	27,8
18.09.2013	90,2	27,4
19.09.2013	89,7	27
20.09.2013	92,4	24,3
21.09.2013	90,7	25
22.09.2013	92,1	25,5
23.09.2013	91,9	27,7
24.09.2013	92	26,1
25.09.2013	92,8	26,1
26.09.2013	89,7	25,5
27.09.2013	93,1	26,1
28.09.2013	92,6	26,4
29.09.2013	92,6	26,3
30.09.2013	92,6	26,2
